4815
4936
4764
4779
4822
4874
4905
5127
4859
4820
8077
5803
6512
4972
4855
7007
6261
5220
5018
5709
6732
5697
5265
7117
5603
6204
5669
4993
5400
5664
5212
4909
4866
4874
4818
5080
4849
4870
4788
5419
5283
4881
4874
4828
4948
4776
4798
4745
4959
4780
4904
4805
4768
5083
5068
5170
4919
4882
5224
4812
5796
5008
5572
4875
4957
4856
4758
4788
4899
4795
5120
5207
4921
4868
4776
5275
4908
5124
5071
4920
4800
4769
5378
4890
5206
4864
4888
4768
4920
5215
4873
5275
4875
4760
4851
4953
4816
4761
6276
5444
5231
4786
6166
5099
5968
5356
5073
4939
6213
4932
6139
5401
4975
4892
6129
5088
6052
4953
5462
4907
5358
4952
5388
4969
5023
4837
4991
5113
4849
5277
5033
4866
4851
4880
4854
4994
4842
4780
4825
4749
4903
4784
4910
4867
4790
4786
4771
4944
4816
4853
4823
4790
4784
4805
4803
4796
5565
4997
4871
4930
5223
5122
4827
4915
4786
4818
4860
4937
4780
4792
4746
4765
4850
4864
4855
4800
4788
4773
4801
4795
4804
4820
4771
4769
4775
4779
4797
4767
4818
4747
4770
4758
4756
4775
4768
4770
4773
4731
4779
4787
4752
4771
4763
4770
4740
4751
4736
4695
4834
4834
4826
4975
4745
4716
4686
4758
4744
4700
4697
4751
4755
4760
4761
4770
4672
6568
4857
4756
4752
4763
4746
4726
4727
4733
4732
4729
4812
4757
4787
4701
4715
4774
4792
4678
4727
4729
4721
4731
4737
4716
4746
4773
4718
4738
4764
4762
4766
4751
4750
4752
4813
4781
4883
4733
4763
4694
4694
4734
4723
4692
4737
4728
4672
4747
4741
4782
4786
4735
4743
4771
4733
4744
4784
4792
4690
4758
4769
4768
4724
4778
4763
4740
4760
4781
4758
4753
4783
4787
4731
4715
4763
4723
4750
4751
4709
4738
4741
4742
4744
4744
4714
4740
4743
4742
4763
4772
4727
4732
4745
4748
4712
4714
4720
4707
4794
4769
4755
4705
4771
4712
4761
4771
4738
4739
4732
4703
4718
4849
4751
4740
4713
4746
4688
4688
4727
4700
4690
4737
4720
4736
4756
4737
4774
4747
4719
4723
4760
4748
4706
4726
4732
4743
4744
4736
4748
4723
4743
4750
4850
4742
4730
4702
4714
5026
4716
4715
4724
4704
4876
5157
5170
5176
5192
5189
5076
4727
4710
4707
4710
4711
4742
4723
4721
4743
4699
4767
4732
4727
4740
4739
4757
4705
4693
4754
4721
4741
4739
4721
4697
4738
4693
4752
4725
4745
4757
4762
4702
4711
5059
4864
4749
5192
4722
4781
4695
4718
4682
4728
4685
4685
4775
4727
4730
4739
4759
4756
4736
4745
4720
4723
4740
4724
4716
4722
4704
4769
4712
4754
4736
4709
4726
4707
4723
4707
4750
4771
4694
4760
5826
5748
5914
4909
5306
5197
5173
4891
5245
4872
4885
5174
4842
5282
4848
5161
4865
5196
4952
5102
4941
4782
4663
4572
4719
4705
4781
4786
4761
4796
4749
4778
4751
4787
4771
4736
4772
4783
4727
4760
4737
4777
4769
4808
4770
4735
4732
4783
4716
4743
4732
4738
4753
4781
4723
4796
4789
4735
4793
4744
4738
4724
4748
4752
4720
4735
4737
4738
4741
4749
4749
4733
4752
4781
4744
4735
4768
4770
4752
4715
4679
4668
4692
4728
4685
4762
4711
4739
4716
4729
4721
4704
4698
4740
4724
4737
4760
4762
4738
4759
4718
4870
4857
4816
4872
4818
4853
4869
4858
4875
4831
4883
4796
5369
4787
5301
4855
4791
5242
5161
4750
4802
5065
4856
5161
4750
5114
4702
4709
5289
5074
4871
4799
5097
4774
5115
4789
5138
4858
5088
4869
4719
5225
4769
5151
4846
5152
4873
4875
4847
4770
4588
4621
4657
4884
4778
4766
4739
4756
4732
4722
4759
4735
4735
4762
4755
4772
4726
4750
4775
4754
4768
4785
4693
4775
4783
4745
4760
4752
4752
4757
4795
4767
4818
4759
4741
4754
4757
4770
4768
4699
4734
4685
4740
4723
4703
4744
4720
4765
4719
4707
4757
4716
4711
4761
4731
4719
4787
4704
4746
4701
4725
4746
4706
4754
4708
4716
4758
4726
4772
4753
4851
5206
4715
4665
4739
4702
4693
4718
4742
4752
4737
4745
4726
4772
4716
4771
4728
4759
4742
4760
4735
4712
4759
4754
4736
4693
4737
4764
4722
4727
4726
4731
4732
5303
4852
4713
4723
4699
4769
4771
4803
4788
4751
4707
4755
4754
4707
4691
4798
4792
4722
4737
4777
4727
4748
4784
4749
4782
4742
4786
4703
4777
4728
4742
4767
4778
4724
4742
4735
4710
4752
4718
4771
4766
4932
4784
4712
4757
4780
4785
4765
4718
4729
4705
4788
4789
4721
4717
4707
4767
4770
4743
4761
4735
4788
4719
4727
4799
4806
4813
4774
4761
4760
4732
4789
5090
5058
4735
4701
4702
4699
4782
4680
4722
4715
4694
4747
4728
4701
4732
4762
4725
4752
4717
4732
4717
4707
4736
4735
4673
4703
4691
4679
5075
4941
4757
4750
4762
4781
4788
4731
4748
4717
4742
4748
4791
4759
4846
4871
4819
4849
4859
4837
4836
4826
4869
4877
4839
4818
5311
4908
4684
4636
4848
4737
4713
4752
4715
4736
4761
4745
4917
6431
5532
4986
4853
5051
5387
5129
6995
5101
6510
5428
5137
5397
5160
4875
4792
4816
4905
5238
5313
4869
4764
4757
4759
4764
4894
4776
4758
4752
4768
4762
4753
4755
4742
4756
4710
4694
4695
4726
4743
4718
5114
4768
5949
5552
4810
4849
6003
5011
6637
4998
4841
4808
4776
4813
4744
4753
4747
4745
4786
4779
4814
4793
4784
4768
4760
4762
4787
4773
4752
4753
4750
4756
4760
4756
4723
4776
4744
4734
4753
4725
4725
4744
4721
4796
4816
4751
4794
4764
4776
4801
4774
4809
4818
4890
4732
4779
4771
4711
4844
4828
4925
4796
4746
4793
5393
5097
5305
5167
4877
4794
4813
4787
4898
4793
4904
4800
4770
4772
4792
4968
4794
4853
4804
4808
4804
4790
4810
4778
4761
4745
4844
5182
5205
5201
5199
5203
5195
5200
5144
5162
5204
5202
5214
5196
5180
5216
5219
5170
