4120
4095
4002
4029
4067
4071
4040
4105
4044
4092
4073
4087
4077
4038
4082
4050
4095
4100
4094
4023
4075
4085
4063
4115
4102
4095
4019
4092
4093
4106
4081
4108
4096
4074
4071
4115
4040
4065
4076
4066
4114
4068
4072
4090
4096
4055
4084
4116
4072
4091
4100
4078
4054
4119
4079
4080
4086
4043
4045
4103
4100
4064
4066
4095
4067
4061
4089
4056
4091
4087
4091
4112
4099
4076
4100
4060
4092
4074
4068
4092
4061
4076
4109
4071
4071
4038
4125
4114
4142
4111
4073
4048
4079
4062
4043
4102
4062
4092
4072
4060
4085
4079
4106
4060
4104
4072
4100
4080
4107
4024
4063
4116
4084
4102
4107
4126
4100
4109
4162
4085
4152
4098
4118
4163
4057
4089
4175
4119
4061
4143
4137
4124
4147
4151
4127
4099
4113
4131
4135
4118
4125
4078
4123
4135
4115
4116
4097
4135
4111
4115
4129
4125
4158
4144
4103
4137
4146
4152
4125
4123
4117
4118
4153
4060
4116
4079
4105
4137
4085
4061
4130
4118
4096
4126
4097
4074
4093
4107
4135
4115
4103
4106
4105
4103
4096
4111
4114
4085
4098
4104
4073
4099
4132
4099
4078
4082
4110
4091
4150
4131
4089
4124
4110
4090
4111
4148
4119
4136
4112
4085
4092
4139
4087
4130
4113
4093
4140
4114
4088
4134
4108
4059
4132
4076
4091
4141
4099
4103
4123
4128
4077
4081
4157
4076
4151
4104
4104
4139
4145
4053
4126
4104
4066
4096
4109
4103
4095
4112
4082
4091
4100
4116
4121
4093
4096
4110
4045
4091
4093
4114
4089
4089
4109
4113
4146
4105
4067
4098
4098
4129
4088
4131
4156
4094
4112
4143
4098
4134
4137
4120
4165
4163
4071
4157
4130
4123
4090
4130
4107
4121
4113
4085
4114
4127
4086
4135
4105
4138
4155
4153
4145
4104
4144
4114
4158
4134
4164
4132
4130
4123
4147
4140
4162
4109
4155
4120
4173
4126
4130
4151
4121
4136
4125
4114
4088
4111
4108
4099
4133
4133
4108
4106
4109
4133
4140
4070
4117
4076
4110
4068
4077
4122
4069
4107
4101
4083
4096
4100
4116
4050
4080
4121
4072
4086
4014
4111
4076
4064
4095
4122
4110
4144
4123
4129
4068
4103
4127
4096
4113
4098
4128
4084
4129
4155
4116
4128
4150
4114
4123
4129
4160
4170
4088
4137
4187
4141
4151
4110
4117
4170
4101
4067
4088
4099
4514
4095
4050
4102
4085
4076
4115
4098
4077
4085
4057
4086
4090
4083
4066
4091
4088
4079
4025
4094
4032
4097
4085
4017
4084
4095
4041
4140
4056
4078
4051
4077
4061
4085
4068
4096
4126
4069
4093
4067
4107
4070
4101
4110
4085
4094
4103
4087
4074
4081
4063
4073
4156
4091
4112
4128
4102
4121
4143
4093
4122
4064
4129
4112
4076
4085
4113
4102
4115
4100
4108
4103
4167
4141
4203
4193
4171
4163
4171
4147
4191
4166
4168
4151
4094
4123
4071
4064
4076
4125
4105
4113
4048
4096
4052
4071
4071
4041
4076
4115
4080
4091
4128
4081
4118
4155
4087
4101
4094
4107
4124
4106
4148
4116
4113
4135
4073
4141
4154
4127
4100
4104
4137
4093
4112
4135
4148
4107
4139
4122
4117
4075
4105
4144
4093
4131
4114
4156
4124
4151
4119
4080
4143
4154
4082
4110
4108
4124
4111
4143
4108
4105
4087
4109
4081
4152
4114
4123
4111
4103
4099
4141
4087
4100
4131
4053
4094
4114
4089
4094
4134
4134
4142
4099
4107
4134
4130
4089
4162
4051
4130
4094
4494
4392
4068
4102
4476
4166
4042
4039
4349
4093
4063
4136
4090
4324
4186
4109
4369
4151
4158
4167
4115
4358
4080
4141
4343
4123
4140
4152
4114
4321
4143
4080
4328
4109
4129
4128
4117
4370
4139
4189
4282
4092
4076
4113
4103
4379
4124
4090
4366
4114
4113
4119
4100
4343
4120
4105
4419
4112
4119
4143
4138
4398
4166
4208
4926
4246
4203
4145
4169
4348
4138
4376
4214
4149
4185
4142
4194
4334
4173
4398
4224
4123
4112
4092
4244
4179
4195
4384
4254
4126
4132
4105
4382
4172
4159
4356
4125
4171
4174
4248
4641
4143
4157
4340
4154
4181
4114
4182
4349
4175
4160
4378
4162
4517
4128
4120
4384
4169
4277
4168
4109
4102
4148
4147
4494
4145
4365
4140
4137
4164
4138
4146
4387
4158
4307
4186
4166
4207
4160
4166
4331
4211
4409
4162
4183
4146
4128
4128
4582
4203
4336
4173
4126
4155
4147
4299
4267
4168
4463
4154
4137
4181
4104
4330
4141
4133
4355
4106
4106
4122
4107
4362
4129
4188
4374
4108
4121
4193
4097
5142
4157
4968
4392
4109
4103
4086
4098
4361
4142
4211
4270
4146
4130
4114
4085
4375
4132
4139
4088
4110
4112
4105
4097
4100
4107
4109
4115
4100
4052
4064
4084
4085
4107
4095
4082
4114
4097
4103
4087
4113
4121
4114
4076
4103
4125
4109
4121
4116
4075
4081
4087
4110
4057
4094
4066
4089
4242
4146
4123
4155
4177
4136
4103
4116
4147
4134
4131
4115
4094
4132
4137
4105
4148
4104
4086
4097
4097
4071
4119
4071
4075
4046
4115
4090
4121
4142
4089
4105
4128
4117
4139
4108
4084
4099
4129
4119
4126
4108
4100
4103
4114
4104
4104
4081
4235
4126
4125
4090
4126
4109
4132
4125
4100
4114
4128
4121
4129
4096
4121
4045
4133
4063
4119
4141
4138
4099
4141
4109
4070
4123
4068
4128
4125
4120
4147
4082
4038
4203
4151
4117
4117
4140
4125
4148
4158
4156
4104
4154
4148
4166
4118
4156
4113
4143
4134
4149
4168
4115
4150
4135
4175
4124
4110
4136
4129
4118
4124
4085
4131
4139
4125
4088
4136
4127
4133
4124
4055
4284
4487
4157
4056
4095
4113
4075
4156
4124
4127
4122
4098
4707
4817
4161
4101
4091
4116
4122
4050
4087
4113
4079
4040
4066
4099
4056
4115
4084
4033
4126
4092
4077
4080
4105
4139
4079
4108
4124
4057
4089
4126
4089
4082
4074
4140
4099
4078
4103
4100
4088
4062
4074
4063
4106
4096
4073
4078
4092
4119
4076
4110
4129
4108
4103
4087
4114
