3603
3486
3501
3507
3508
3515
3492
3526
3523
3515
3560
3538
3475
3592
3868
3854
3842
3870
3862
3863
3871
3832
3867
3840
3817
3838
3845
3850
3891
3870
3872
3859
3525
3551
3553
3529
3526
3553
3520
3577
3551
3489
3516
3527
3559
3550
3555
3509
3552
3508
3566
3529
3513
3523
3526
3541
3526
3541
3560
3508
3548
3526
3545
3531
3551
3540
3562
3532
3528
3520
3552
3510
3540
3513
3559
3488
3525
3562
3537
3544
3522
3528
3538
3552
3487
3532
3550
3557
3522
3513
3637
3549
3623
3581
3562
3518
3519
3492
3509
3509
3557
3502
3505
3537
3526
3527
3485
3519
3529
3546
3525
3506
3521
3503
3489
3516
3562
3610
3623
3580
3662
3690
3689
3659
3723
3713
3725
3689
3736
3710
3712
3737
3664
3676
3655
3690
3632
3528
3533
3544
3524
3518
3513
3532
3517
3526
3521
3523
3543
3502
3520
3590
3510
3593
3534
3740
3804
3789
4870
3770
3652
3651
3568
3551
3575
3565
3575
3588
3558
3564
3561
3547
3550
3527
3517
3538
3543
3566
3531
3557
3559
3543
3556
3539
3532
3539
3526
3555
3516
3525
3529
3517
3519
3550
3523
3564
3522
3575
3520
3539
3984
3994
3979
3999
3970
3988
3956
3974
3980
3980
3970
4016
3988
3826
3536
3495
3563
3544
3488
3539
3529
3503
3543
3555
3561
3533
3517
3580
4537
3848
3541
4602
4415
3757
3626
3550
3597
3559
3542
3595
3570
3559
3538
3602
3522
3528
3572
3514
3504
3542
3563
3527
3540
3539
3534
3553
3548
3582
3559
3544
3505
3536
3544
3550
3536
3537
3698
3793
3520
3551
4191
3651
3936
3789
3516
3554
3764
3561
3549
3520
3577
3551
3516
3573
3522
3540
3564
3535
3552
3522
3548
3561
3535
3521
3550
3550
3790
3559
3466
3511
3546
3543
3559
3479
3538
3559
3512
3544
3540
3537
3576
3543
3530
3520
3568
3553
3556
3558
3505
3529
3604
3548
3545
3513
3524
3538
3541
3566
3530
3538
3511
3744
3557
3954
3552
3585
3525
3968
3516
3544
3520
3518
3498
3558
3539
3614
3496
3588
3561
3549
3464
3561
3538
3473
3557
3532
3535
3528
3569
3514
3518
3565
3507
3520
3523
3529
3663
3515
3544
3518
3550
3521
3550
3520
3495
3504
3509
3536
3545
3504
3573
3528
3545
3833
3513
3737
3530
3529
3523
3526
3535
3513
3526
3541
3539
3517
3538
3522
3510
3544
3556
3527
3506
3561
3536
3541
3577
3687
3552
3484
3543
3552
3495
3525
3535
3527
3536
3508
3511
3522
3514
3516
3545
3537
3525
3554
3518
3510
3498
3556
3537
3534
3494
3591
3545
3526
3668
3495
3546
3548
3468
3547
3511
3545
3529
3844
3519
3537
3532
3504
3578
3520
3555
3506
3535
3499
3565
3549
3535
3984
3500
3557
3554
3469
3680
3484
3524
3782
3538
3494
3506
3533
3510
3516
3545
3529
3532
3547
3487
3529
3492
3544
3620
3573
3784
3545
3538
3599
3560
3518
3483
3518
3813
3552
3525
3519
3509
3516
3527
3524
3476
3548
3511
3511
3581
3514
3517
3989
3542
3565
3560
3494
3527
3533
3536
3535
3503
3543
3583
3551
3526
3500
3525
3512
3516
3525
3551
3499
3538
3549
3562
3517
3526
3520
3575
3551
3525
3549
3595
3559
3466
3530
3522
3518
3517
3532
3589
3578
3715
3642
3482
3474
3514
3488
3545
3545
3525
3546
3551
3495
3588
3547
3524
3529
3495
3526
3532
3478
3546
3536
3486
3522
3529
3507
3516
3523
3525
3501
3552
3545
3522
3533
3518
3500
3537
3543
3526
3539
3514
3515
3528
3546
3489
3553
3517
3517
3513
3471
3523
3543
3512
3550
3479
3496
3543
3607
3524
3538
3497
3548
3548
3494
3513
3560
3524
3543
3502
3511
3559
3499
3514
3517
3473
3521
3549
3479
3532
3477
3544
3543
3504
3531
3537
3512
3545
3559
3525
3516
3494
3507
3502
3530
3535
3490
3510
3555
3470
3981
3954
3547
3556
3518
3535
3490
3493
3536
3501
3509
3573
3503
3536
3511
3529
3980
3587
3471
3535
3537
3518
3504
3517
3568
3478
3501
3555
3538
3557
3531
3532
3567
3556
3485
3519
3518
3551
3536
3531
3540
3555
3634
3591
3569
3540
3518
3542
3494
3545
3519
3550
3551
3498
3501
3543
3549
3510
3502
3548
3541
3538
3671
3487
3505
3523
3546
3614
3532
3506
3562
3511
3509
3530
3500
3565
3929
3530
3541
3565
3528
3519
3514
3535
3500
4003
3501
3501
3595
3520
3516
3498
3538
3533
3517
3561
3500
3501
3521
3519
3481
3618
3498
3551
3576
3550
3486
3530
3499
3518
3517
3548
3525
3492
3505
3551
3483
3585
3491
3513
3488
3549
3521
3521
3537
3561
3538
3667
3550
3497
3513
3572
3519
3499
3525
3524
3491
3583
3550
3514
3494
3478
3516
3535
3534
3525
3523
3480
3514
3526
3467
3554
3542
3509
3523
3521
3543
3531
3511
3537
3487
3497
3562
3504
3530
3510
3541
3538
3473
3537
3481
3532
3520
3503
3521
3514
3518
3515
3543
3579
3516
3475
3556
3521
3652
3500
3507
3546
3472
3572
3507
3524
3575
3533
3494
3541
3526
3498
3499
3549
3478
3543
3517
3551
3554
3550
3546
3503
3530
3512
3558
3530
3546
3516
3514
3525
3568
3507
3519
3543
3526
3488
3540
3504
3528
3490
3538
3528
3456
3548
3562
3551
3582
3490
3516
3497
3562
3532
3533
3552
3523
3528
3491
3544
3519
3522
3523
3529
3526
3500
3528
3551
3532
3517
3525
3556
3509
3528
3571
3522
3514
3529
3521
3514
3542
3455
3515
3507
3563
3554
3530
3533
3512
3510
3496
3523
3533
3509
3547
3518
3544
3519
3500
3543
3573
3548
3498
3537
3540
3507
3525
3538
3520
3485
3542
3567
3527
3666
3566
3477
3573
3536
3561
3487
3522
3507
3540
3504
3544
3516
3515
3538
3493
3559
3547
3557
3522
3528
3533
3509
3544
3483
3515
3542
3512
3620
3486
3558
3600
3558
3518
3495
3543
3545
3507
3552
3519
3525
3515
3501
3521
3548
3533
3526
3535
3515
3523
3542
3559
3508
3507
3509
3533
