9987
10045
10086
9991
10032
10073
10114
10105
10035
10157
10146
10177
10141
10083
10041
10093
10052
10061
10067
10166
10055
10093
10106
10100
10003
10246
10086
10018
10131
9960
9982
10054
9993
10052
10049
10112
10130
10145
10206
10152
10270
10219
10099
10148
10540
11197
11370
11762
11722
11738
11701
11544
11309
11311
11263
11218
10025
10085
10043
10035
9983
10095
10007
10008
10016
10106
10078
10187
10149
10058
10078
10175
9978
10198
10095
10068
10140
9939
10083
9968
9966
10063
10058
9988
9999
10064
10046
10074
9965
10042
10168
10049
10059
10122
10152
10134
10081
10177
10202
10109
9919
10026
10062
10049
10098
10143
10192
10097
10145
10144
10208
10112
10187
10113
10147
10132
10037
10027
9983
10061
10014
10072
10230
10035
11609
11560
11544
11469
11459
11575
11486
11603
11522
11533
11596
11604
11483
11599
11485
11472
11369
11502
10066
10015
10047
10054
10034
10047
9999
10033
10046
10046
10008
10075
10103
10223
10090
10058
10088
10050
10061
10198
10130
10149
10118
10107
10067
10111
10067
10133
10056
10118
10128
10116
10092
10052
10166
10138
10139
10068
10149
10088
10113
10042
10096
10096
10068
10119
10181
10098
10045
10129
10058
10102
10097
10144
10105
10138
10160
10119
10099
9983
10132
10003
10010
10017
9986
10057
10084
9976
10044
10056
10041
9967
10057
10075
10177
10011
10238
10052
10199
9982
10187
10107
10033
10004
9934
10021
10262
10057
10549
10016
10055
10081
10108
10038
10025
10012
9993
10015
10101
10127
10014
10148
10053
9973
9956
10048
10239
10026
10168
10084
9947
9965
9965
10237
10017
11015
10137
9969
9939
10089
10062
9954
10133
10001
9910
9918
11393
10072
10056
10105
10068
9976
10250
10077
11227
10204
10110
10066
10057
10128
10170
10097
10155
10051
9982
10085
10001
10164
9977
10104
10131
10276
10089
9981
10077
10046
10041
10012
10017
10044
9979
10125
10040
10042
10043
9995
9985
9935
9991
10162
10128
10107
10195
10095
10073
10076
10290
10047
10144
10085
10009
10007
10122
10032
10051
10179
10001
9984
10122
10085
10027
10216
9957
10024
10062
9996
10095
10072
10022
11351
10085
9999
9965
9990
10101
10857
10110
9890
10036
10134
10088
10062
10053
10022
9997
10040
9957
9983
10005
10058
10068
10121
10089
10097
10124
10067
10058
9953
10029
10131
10389
10317
10250
10144
10113
10051
10039
10108
10067
10139
10045
10041
10046
9975
10050
9937
10197
9993
10116
10054
10071
10260
10079
10053
10084
10069
10080
10021
9954
10044
10081
10022
10032
10043
10060
9993
10135
10057
9946
10009
10059
10122
10045
10035
10125
10197
11193
10105
10038
10054
10046
10005
9946
9912
10184
10163
9946
10048
9976
10091
9919
10044
10008
9996
10066
10119
9978
10036
10058
10026
9958
10062
9998
10014
10065
10071
10060
10018
9982
10074
10120
10730
10019
10040
9953
10077
9960
10136
10101
9970
9945
9988
9969
10034
10014
10063
10111
9952
9999
10154
9979
10004
10023
10055
10036
11194
10116
9955
10037
10084
9973
10036
9989
10031
10065
9951
10059
10089
10004
9997
9935
10016
10112
10017
10039
10077
9946
10076
10080
10160
9967
10079
10000
10100
10070
9983
9983
10012
10033
10035
10151
10031
10095
10056
10204
10051
10098
9959
10075
10085
10076
10004
9940
10034
10059
10071
9969
10704
10074
10004
9971
10051
10003
10138
9987
9963
10037
10033
10098
9977
10039
10128
10063
10095
10237
9915
10075
10069
10040
10091
10063
10033
9952
9943
10139
10109
10160
10146
10081
10118
10043
10020
10062
10034
10192
10030
10135
10108
10049
10164
10002
9921
10140
10126
10019
9956
10073
10135
10021
10062
10084
10032
10136
10000
9968
10001
9976
10060
10202
10126
10360
10043
10023
10070
10032
10215
9962
9846
10061
10059
9927
11254
10048
9945
10062
10043
10072
10026
10026
9903
10005
10067
10230
10119
10002
10160
10873
10094
10085
10053
10111
10099
10101
10042
9936
9990
9994
9996
9992
10165
10019
10122
10049
10048
9954
10024
9978
10039
10262
10125
9978
10164
9969
10123
9961
10017
10090
10090
9947
9964
10018
10195
9954
10048
10061
9974
10087
10261
10046
10056
10072
9978
9968
10092
10003
9995
10076
10024
10023
9912
10059
10035
9948
9972
10002
10056
9943
10074
9951
9994
10055
10039
10151
9942
10022
10047
9961
10128
9968
10090
9987
10108
9921
9973
9981
10046
9918
9972
10009
10058
9994
10139
10035
9969
10058
10078
10069
9969
9947
10107
10106
9968
10021
10171
9988
10087
10080
10035
10122
10110
10020
10037
9997
9987
10115
9951
10019
10119
10055
10072
10051
10060
10141
9983
9983
9965
10125
10079
10045
9965
9977
10067
10033
10087
9988
10040
10001
10025
10138
9985
10091
10067
10033
9994
9992
9959
10036
10036
10035
9910
9991
10831
10179
10154
10069
10254
9978
10047
9992
10067
10195
10005
10065
10000
10020
10027
10064
10160
10132
10071
10027
10043
10247
10046
10062
10017
9970
10073
10045
10073
10023
10075
9998
10084
9949
10161
10048
10211
10021
10074
10063
9980
10211
10051
9928
9902
10100
10074
10111
10110
10076
10113
10050
10055
10087
10024
9974
10007
10083
10076
9969
9922
9955
10111
10052
10038
9950
10011
10121
10022
10029
9936
10047
9991
9966
10010
9992
10024
10068
10060
10102
10041
10011
10080
10003
10010
10054
10075
10048
10024
10016
10264
9991
10194
10025
10059
10017
11199
9981
10101
9995
10153
10012
10055
9916
9968
10064
10026
10224
10019
10028
10005
10087
10136
9988
9965
9948
10010
10006
10099
10107
10089
10032
9999
10076
10059
10025
10010
10063
10167
10002
10086
10117
10529
10105
10025
10120
10059
10072
10041
10069
10038
10071
10023
10078
10071
10074
10012
10069
10184
10066
9970
10177
9946
10068
10190
9960
10030
10119
10007
9915
10972
10009
10052
9953
10614
10053
10156
10905
10039
10173
11238
10144
9959
10084
10110
10100
10797
10000
10081
10057
10055
10157
10163
10029
10027
10055
9932
10031
10204
10147
10096
10044
9943
10015
10035
9942
10013
10024
10097
10036
10104
10010
10047
10066
10080
10068
9941
10038
10669
10088
9991
10114
9998
10019
10194
10359
10259
10122
10097
10085
10137
10102
11165
10066
10045
10180
10070
9964
10016
10041
10052
10138
11130
9934
10137
9998
10141
