3943
3914
3969
3966
4761
3953
4872
3997
3886
3966
3994
4403
4390
3979
4791
3989
3882
3951
3886
4521
4233
3895
4803
3953
4307
4172
3909
4490
4194
3961
4754
3916
3933
3966
3914
4653
4014
3955
4720
3906
3952
3940
3916
4309
4390
4008
4969
3885
3897
3910
3898
3981
4760
3920
4696
3995
3916
3894
3904
3995
4671
3959
4797
3895
3894
3904
3876
3873
4066
3881
3833
3989
4162
4118
4173
4127
4123
3887
3843
4156
4220
3881
3875
3875
3915
4074
3937
4349
3910
3930
3916
3917
3957
4063
3928
4196
4047
3897
3906
3936
3866
4739
3955
4006
4586
3921
3886
3882
3954
4008
3909
3907
4034
3903
3943
3916
3879
3873
4023
3891
4471
3910
3891
3818
3938
3944
4033
3862
3905
4023
3913
3915
3962
3905
3932
3938
3881
3898
3941
3879
3878
3877
3875
3912
3889
3923
3928
3959
3931
3962
3933
3929
3891
3948
3908
3923
3965
3905
3886
3875
3928
3919
3905
3909
3916
3986
3926
3988
3964
3917
3951
3980
3946
3965
3986
3960
3921
3911
3969
3917
3962
3927
3932
3972
3951
3889
3963
3943
3937
3947
3911
3906
3921
3939
3952
3923
3917
3940
3963
3924
4048
5038
3999
3946
3964
3933
3948
3952
3963
3936
3949
3900
3901
3948
3902
3890
3882
3878
3923
3852
3894
3869
3890
3897
3887
3916
3900
3868
3908
3830
3895
3920
3877
3889
3861
3887
3873
3876
3846
3873
3847
3866
3894
3899
3876
3898
3848
3841
3856
3849
3893
3859
3870
3835
3903
3908
3916
3913
3904
3890
3864
3874
3916
3867
3859
3828
3904
3872
3898
3866
3871
3894
3884
3911
3902
3928
3851
3872
3921
3877
3850
3883
3858
3903
3859
3860
3881
3851
3878
3878
3871
3867
3870
3886
3889
3919
3830
3846
3876
3877
3876
3881
3836
3892
3926
3899
3878
3907
3898
3846
3842
3876
3825
3848
3854
3883
3853
3880
3900
3872
3831
4374
4337
4361
4333
4330
4348
4336
4337
4334
4327
4359
4369
4353
4360
4367
4341
4349
3866
3866
3883
3866
3879
3897
3861
3890
3913
3918
3915
3933
3880
3928
3892
3892
3943
3923
3924
3942
3914
3954
3914
3922
3932
3932
3932
3907
3863
3844
3868
3900
3898
3887
3896
3907
3862
3855
3889
3883
3891
3888
3913
3823
3868
3921
3884
3902
3912
3888
3916
3896
3927
3868
3919
3873
3881
3882
3848
3881
3910
3940
3867
3935
3916
3887
3893
3922
3850
3932
3905
3876
3906
3864
3921
3828
3907
3860
3910
3860
3839
3893
3924
3911
3880
3879
3943
3918
3912
3862
3901
3878
3875
3925
3905
3884
3909
3913
3854
3893
3935
3888
4366
4360
4305
4292
4339
4362
4336
4349
4356
4344
4321
4304
4356
4363
4348
4329
4289
4332
4345
4308
4273
3913
3931
3882
3888
3907
3852
3868
3897
3821
3839
4313
4320
4257
4336
4247
4330
4325
4323
4345
4290
4323
4319
4330
4354
4338
4319
4326
4340
4336
4314
4337
4368
3890
3875
3876
3898
3893
3875
3920
3873
3869
3857
3918
3920
3872
3894
3883
3872
3899
3860
3916
3894
3880
3861
3870
3855
3896
3933
3870
3883
3927
3915
3894
3904
3911
3899
3908
3878
3854
3872
3872
3866
3874
3922
3913
3890
3851
3889
3840
3890
3878
3876
3879
3873
3872
3884
3903
3871
3847
3898
3899
3863
3921
3900
3882
3898
3924
3880
3901
3896
3927
3893
3905
3901
3877
3849
3901
3852
3915
3885
3858
3883
3826
3912
3902
3835
3887
3911
3916
3881
3893
3844
3930
3901
3875
3837
3855
3892
3899
3934
3959
3947
3962
3975
3981
3990
3988
4381
4444
4468
4362
4394
4365
4385
4453
4465
4457
4453
4406
4527
4513
3974
3908
3874
3902
3867
3884
3881
3875
3920
3915
3921
3884
3877
3924
4304
4351
4300
4344
4304
4310
4333
4346
4316
4349
4392
4336
4343
4361
4334
4320
4380
4339
4388
4360
4358
4359
4286
4328
4392
4311
4353
4328
4348
4319
4354
4298
4311
4359
4340
4335
4356
4340
4343
4334
4365
4392
4355
4356
4347
4354
4333
4345
4316
4322
4351
4359
4358
4349
4321
4348
4338
4324
4368
4376
4297
4331
4340
4333
4286
4356
4339
4360
4374
4376
4354
4373
4348
4339
4305
4389
4357
4357
4372
4362
4358
4319
4349
4383
4330
4325
4304
4318
4321
4345
4379
4356
4374
4396
4363
4353
4340
4365
4398
4362
4370
4199
3849
3901
3875
3937
3855
3891
3881
3901
3931
3853
3879
3866
3867
3872
3890
3895
3909
3950
3917
3884
3899
3876
3915
3896
3929
3908
3903
3869
3885
3875
3853
3888
3891
3869
3877
3919
3942
3858
3871
3883
3898
3856
3915
3919
3860
3848
3885
3904
3922
3929
3902
3905
3859
3864
3895
3945
3917
3856
3897
3916
3882
3883
3917
3920
3958
3949
3921
3868
3943
3970
3874
3968
3958
3899
3938
3893
3969
3950
3874
3944
3934
3925
3892
3894
3922
3963
3914
3953
3900
3885
3920
3858
3925
4244
4247
4287
4239
4248
4250
4245
4268
4262
4269
4094
3938
3873
3882
3886
3872
3884
3886
3883
3889
3854
3839
3849
3851
3854
3832
3863
3833
3909
3910
3868
3870
3877
3879
3880
3905
3888
3849
3899
3895
3893
3875
3861
3900
3845
3910
3855
3897
3888
3878
3888
3828
3863
3820
3846
3812
3836
3856
3813
4117
4146
4078
4136
4134
4137
4116
4087
4106
4154
4101
4161
4055
4093
4065
4100
4095
4123
4127
4117
4087
4087
4130
4144
4118
4132
4133
4146
4122
4124
4145
4143
4150
4116
4129
4167
4123
4127
4138
4174
4142
4150
4120
4184
4158
4078
4120
4181
4153
4124
4120
4149
4154
4146
4116
4178
4171
4191
4193
4202
4200
4131
4087
4173
4176
4146
4149
4173
4140
4136
4155
4144
4175
4129
4167
4145
4146
4148
4170
4077
4152
4111
4133
4162
4149
4112
4164
4133
4104
4118
4136
4114
3974
3867
3876
3892
3913
3912
3919
3890
3859
3901
3898
3863
3861
3897
3868
3899
3880
3860
3866
3865
3925
3894
3927
3932
3885
3850
3865
3864
