6520
6518
6547
6496
6495
6537
6495
6553
6554
6561
6608
6607
6593
6555
6624
6507
6572
6516
6546
6516
6519
6603
6589
6631
6589
6515
6723
6594
6476
6550
6577
6527
6575
6788
6526
6555
6571
6576
6553
6451
6473
6562
6517
6495
6533
6683
6562
6573
6524
6490
6547
6588
6499
6522
6489
6512
6546
6481
6478
6488
6544
6510
6477
6508
6523
6512
6536
6475
6598
6542
6501
6535
6640
6516
6561
6576
6545
6519
6501
6489
6511
6515
6478
6503
6566
6597
6567
6579
6590
6544
6621
6513
6606
6625
6593
6579
6580
6567
6487
6597
6565
6494
6588
6578
6529
6538
7312
7298
7261
7128
6547
6604
6548
6587
6483
6536
6599
6631
6712
6536
6537
6519
6576
6511
6543
6562
6561
6545
6532
6570
6558
6573
6552
6529
6542
6609
6586
6549
6584
6557
6497
6551
6511
6491
6528
6562
6523
6534
6458
6542
6478
6593
6526
6523
6492
6510
6492
6512
6563
6465
6558
6471
6509
6480
6499
6548
6594
6583
6510
6508
6529
6574
6576
6582
6592
6524
6562
6582
6492
6473
6557
6507
6510
6482
6562
6635
6511
6536
6507
6535
6588
6543
6560
6528
6529
6613
6587
6562
6607
6585
6546
6616
6575
6619
6614
6574
6508
6472
6503
6631
6544
6535
6544
6494
6496
6565
6483
6476
6573
6486
6497
6532
6495
7275
7153
6552
6537
6508
6500
6540
6487
6533
6471
6598
6549
6556
6508
6545
6587
6553
6541
6529
6521
6532
6518
6542
6545
6544
6494
6490
6509
6477
6459
6490
6565
6532
6513
6563
6479
6543
6455
6513
6661
6484
6533
6533
6557
6480
6470
6481
6519
6570
6577
6540
6518
6542
6510
6552
6438
6475
6473
6440
6527
6559
6489
6496
6473
6519
6508
6563
6522
6583
6564
6593
6507
6454
6469
6575
6511
6615
6484
6628
6511
6465
6599
6577
6536
6559
6574
6495
6581
6550
6510
6521
6500
6572
6589
6868
6858
6965
6950
6952
7014
6937
7344
7365
7218
7343
7361
7392
7378
7386
7383
6908
6561
6490
6595
6646
6513
6628
6605
6654
6520
6474
6605
6494
6510
6528
6526
6603
6607
6598
7333
7308
7286
7285
7313
6721
6552
6532
6584
6878
7102
7120
7140
7161
7153
7116
7117
7194
7084
7135
7111
7117
7194
7106
7131
6607
6514
6499
6510
6534
6551
6456
6543
6475
6477
6523
6498
6642
6510
6605
6511
6560
6518
6493
6548
6560
6522
6527
6519
6489
6584
6527
6616
6589
6615
6598
6592
7135
7240
6674
6618
6555
6557
6548
6526
6523
6593
6612
6515
6682
6579
6545
6519
6607
6552
6497
6602
6562
6500
6565
6512
6543
6500
6571
6550
6516
6561
6556
6599
6536
6558
6509
6533
6523
6543
6502
6521
6494
6528
6536
6504
6517
6540
6536
6487
6522
6542
6486
6632
6521
6539
6543
6550
6909
6562
6567
6530
6909
6947
6949
6512
6524
6580
6541
6521
6486
6511
6511
6690
6501
6476
6529
6473
6562
6561
6667
6445
6653
6578
6607
6587
6552
6591
6545
6558
6574
6629
6612
6512
6555
6512
6580
6525
6545
6522
6571
6528
6555
6532
6508
6528
6568
6517
6561
6541
6506
6494
6536
6503
6584
6509
6515
6516
6450
6474
6443
6535
6541
6561
6540
6558
6576
6604
6541
6446
6562
6495
6507
6526
6520
6448
6549
6548
6546
6557
6534
6597
6994
6964
6980
6938
7026
7022
7009
6725
6545
6542
6569
6561
6544
6543
6688
6542
6549
6590
6494
6558
6550
6559
6808
6492
6673
6565
6593
6640
6678
6657
6627
6556
6618
6522
6504
6478
6491
6429
6460
6524
6455
6519
6515
6627
6449
6488
6552
6516
6481
6443
6538
6687
6562
6529
6549
6615
6700
6644
6559
6543
6585
6588
6537
6700
6560
6546
6485
6517
6510
6546
6544
6593
6639
6524
6564
6589
6565
6515
6542
6560
6541
6514
6574
6581
6543
6565
6558
6559
6570
6469
6619
6535
6584
6583
6576
6594
6599
6586
6611
6552
6561
6591
6588
6527
6515
6646
6568
6613
6621
6608
6607
6644
6593
6760
6493
6463
6522
6547
6495
6518
6558
6470
6561
7221
6665
6659
6565
6534
6565
6512
6542
6548
6589
6529
6514
6605
6594
6589
6578
6534
6621
6500
6496
6526
6476
6505
6514
6533
6613
6957
6612
6516
6550
6508
6540
6552
6583
6521
6540
6550
6543
6554
6521
6618
6608
6637
6703
6522
6544
6566
6515
6486
6645
6516
6556
6607
6556
6551
6535
6504
6520
6470
6526
6538
6543
6519
6474
6524
6537
6640
6586
6595
6945
7576
7559
6665
6562
6587
6580
6572
6518
6577
6593
6567
6685
6484
6511
6523
6581
6442
6561
6553
6569
6529
6518
6572
6985
7252
7185
7178
7137
7166
6683
6563
6638
6523
6512
6562
6570
6636
6597
6608
6638
6510
6525
6495
6620
6551
6492
6487
6489
6708
6466
6571
6570
6566
6650
6666
6639
6490
6512
6616
6570
6470
6566
6509
6541
6588
6510
6566
6513
6597
6615
6647
6611
6613
6661
6599
6669
6604
6554
6488
6495
6540
6498
6560
6616
6547
6517
6543
6560
6575
6545
6574
6550
6524
6514
6535
6540
6512
6507
6553
6509
6574
6559
6667
6574
6556
6512
6601
6579
6591
6497
6534
6493
6546
6602
6600
6606
6440
6450
6491
6552
6578
6777
7342
7298
7054
6521
6513
6542
6541
6572
6490
6544
6634
6634
6616
6632
6559
6552
6567
6566
6597
6569
6556
6507
6497
6621
6542
6492
6556
6539
6533
6524
6569
6502
6544
6462
6521
6547
6500
6583
6502
6484
6492
6508
6479
6477
6544
6474
6555
6546
6523
6493
6504
6584
6538
6548
6585
6621
6506
6502
6520
6610
6578
6546
6542
6525
6524
6600
6476
6517
6509
6522
6547
6536
6735
6589
6556
6494
6544
6490
6527
6606
6603
6528
6564
6630
6547
6596
6568
6492
6503
6432
6443
6528
6467
6559
6610
6509
6536
6549
6551
6523
6571
6586
6564
6582
6589
6627
6585
6608
6536
6543
6567
6551
6641
6595
6528
6525
6498
6555
6576
6524
6508
6571
6525
6508
6596
6473
6513
6557
6526
6515
6623
6501
6555
6548
6549
6622
