4505
4418
4350
4440
4381
4411
4422
4435
4429
4390
4403
4451
4452
4402
4443
4380
4421
4430
4422
4492
4463
4443
4460
4473
4472
4471
4453
4437
4463
4491
4472
4492
4431
4482
4451
4456
4507
4485
4464
4424
4487
4487
4435
4611
4404
4453
4444
4441
4473
4437
4571
4501
4429
4533
4434
4456
4489
4541
4539
4496
4559
4532
4565
4558
4492
4494
4587
4463
4794
4800
4782
4758
4736
4800
4794
4793
4815
4764
4674
4451
4429
4434
4413
4459
4417
4443
4418
4366
4448
4454
4409
4427
4443
4464
4442
4458
4450
4412
4421
4433
4449
4436
4424
4470
4444
4502
4521
4624
4497
4445
4460
4484
4470
4481
4452
4453
4469
4447
4456
4450
4453
4437
4451
4461
4408
4479
4422
4457
4413
4473
4399
4421
4466
4431
4475
4430
4498
4468
4450
4496
4442
4402
4405
4433
4431
4436
4429
4427
4448
4466
4470
4482
4442
4381
4475
4376
4440
4429
4444
4439
4466
4486
4579
4424
4452
4460
4394
4422
4397
4438
4443
4439
4509
4409
4601
4380
4445
4465
4443
4405
4421
4411
4429
4426
4432
4452
4444
4954
4963
4993
4968
4962
4967
4987
4940
4954
5004
4940
4982
4930
4947
4947
4975
4936
4910
4990
4967
4949
4966
4978
4991
5000
4904
4935
4987
4956
4947
4931
4947
4915
4943
4963
4922
5006
4900
4398
4465
4509
4493
4518
4532
4522
4561
4474
4523
4483
4441
4595
4433
4416
4410
4468
4473
4499
4441
4459
4485
4454
4437
4431
4413
4458
4457
4445
4456
4487
4459
4424
4455
4457
4439
4431
4412
4455
4465
4450
4407
4409
4442
4460
4552
4437
4475
4486
4496
4470
4422
4366
4437
4455
4452
4406
4495
4407
4486
4439
4484
4454
4435
4477
4451
4429
4440
4436
4387
4419
4417
4408
4447
4452
4455
4437
4455
4443
4465
4449
4434
4486
4445
4852
4388
4470
4470
4463
4518
4509
4483
4450
4466
4448
4517
4473
4480
4434
4499
4504
4452
4496
4434
4469
4501
4475
4482
4484
4430
4461
4460
4433
4453
4482
4956
4976
4966
4945
4957
4950
4956
5005
4943
4995
4944
4974
4956
4950
4978
4974
4935
4983
5007
4919
4976
4977
4983
4939
4967
4964
4963
4986
4946
4474
4432
4434
4437
4447
4431
4428
4463
4416
4434
4714
4429
4405
4784
4436
4387
4387
4431
4394
4488
4389
4490
4430
4399
4461
4433
4420
4465
4436
4454
4426
4448
4446
4939
4926
4883
4995
4964
4888
4464
4449
4446
4460
4407
4436
4425
4401
4436
4402
4416
4401
4447
4368
4410
4383
4387
4365
4417
4403
4392
4342
4428
4442
4482
4450
4446
4454
4513
4529
4460
4510
4505
4453
4483
4472
4456
4471
4466
4805
4796
4849
4856
4815
4845
4820
4805
4796
4827
4804
4848
4895
4809
4840
4849
4872
4828
4803
4820
4414
4432
4453
4396
4398
4443
4448
4397
4411
4406
4416
4417
4433
4390
4467
4434
4442
4498
4434
4392
4427
4418
4600
4443
4435
4479
4414
4437
4407
4436
4418
4415
4440
4453
4580
4429
4446
4458
4428
4481
4455
4432
4447
4491
4488
4465
4464
4485
4504
4492
4481
4465
4435
4449
4494
4483
4420
4398
4449
4432
4465
4457
4422
4426
4425
4445
4431
4417
4423
4440
4442
4444
4450
4444
4491
4485
4499
4465
4430
4421
4466
4440
4472
4415
4477
4497
4439
4510
4515
4513
4541
4483
4406
4412
4418
4396
4422
4438
4482
4385
4427
4467
4412
4425
4469
4424
4426
4443
4484
4423
4441
4430
4425
4459
4472
4420
4456
4415
4443
4418
4365
4447
4449
4451
4471
4440
4419
4377
4434
4399
4360
4423
4362
4382
4579
4545
4534
4496
4568
4541
4555
4512
4526
4559
4536
4518
4516
4529
4521
4457
4509
4534
4479
4493
4546
4478
4486
4454
4462
4512
4478
4507
4514
4511
4561
4550
4481
4522
4500
4434
4452
4417
4426
4442
4468
4400
4450
4468
4417
4415
4475
4459
4409
4445
4470
4472
4428
4442
4451
4389
4436
4429
4438
4452
4463
4420
4460
4468
4445
4469
4419
4457
4461
4508
4491
4472
4400
4523
4505
4541
4505
4484
4472
4478
4535
4493
4469
4534
4519
4494
4479
4479
4484
4506
4475
4476
4496
4958
4941
4915
4914
4924
4916
4949
4895
4965
4978
4935
4958
5002
4922
4962
4967
4992
4608
4418
4434
4462
4441
4456
4473
4472
4482
4469
4477
4511
4488
4452
4440
4506
4529
4521
4521
4495
4520
4496
4541
4614
4527
4528
4519
4493
4508
4493
4495
4549
4534
4505
4532
4456
4536
4551
4480
4486
4516
4549
4535
4510
4506
4458
4423
4399
4411
4427
4454
4448
4528
4490
4478
4512
4580
4427
4417
4410
4430
4424
4424
4461
4425
4424
4435
4449
4474
4437
4443
4406
4457
4459
4457
4419
4461
4494
4442
4449
4427
4430
4464
4404
4442
4474
4420
4432
4449
4459
4495
4449
4481
4438
4448
4440
4459
4448
4490
4423
4505
4472
4477
4449
4472
4448
4471
4450
4456
4470
4449
4471
4501
4428
4441
4443
4422
4450
4444
4425
4427
4403
4415
4463
4483
4793
4636
4463
4405
4454
4436
4447
4432
4445
4464
4481
4469
4427
4425
4466
4361
4387
4417
4449
4447
4438
4472
4449
4463
4423
4445
4460
4488
4461
4462
4434
4480
4444
4485
4447
4415
4415
4474
4463
4456
4429
4442
4465
4434
4455
4429
4423
4438
4398
4472
4421
4440
4473
4452
4415
4399
4458
4414
4431
4458
4416
4455
4456
4404
4423
4422
4554
4453
4385
4399
4456
4427
4427
4445
4428
4429
4426
4436
4426
4432
4483
4463
4443
4450
4463
4396
4438
4444
4441
4474
4415
4448
4450
4448
4492
4405
4435
4413
4410
4591
4478
4493
4470
4462
4471
4461
4456
4421
4404
4472
4495
4482
4466
4462
4457
4465
4416
4474
4461
4458
4442
4492
4480
4497
4463
4446
4453
4430
4472
4440
4475
4494
4486
4491
4447
4504
4494
4477
4486
4473
4446
4504
4439
4482
4934
4945
4995
4983
4768
4408
4387
4439
4408
4433
4484
4436
4400
4456
4447
4432
4499
4472
4449
4437
