3352
3299
3339
3364
3329
3364
3513
4204
4209
4859
3468
3428
4868
5201
3540
3619
3862
3613
3472
3494
3532
3544
3559
3522
3550
3548
3464
4106
3826
3631
3565
3573
3502
3775
3530
3507
3442
3469
3513
3489
3454
3453
3465
3431
3429
3406
3458
3446
3439
3420
3370
3428
3390
3397
3384
3437
3420
3430
3397
3440
3450
3435
3488
3417
3416
3386
3406
3357
3394
3434
3376
3511
3377
3476
3476
3433
3499
3624
3700
3538
3603
3496
3467
3442
3434
3460
3454
3415
3918
4860
3638
3452
3459
3449
3451
3436
3449
3443
3407
3419
3429
3452
3377
3390
3420
3440
3497
3661
3651
4028
3437
3413
3436
3413
3455
3447
3438
3426
3397
3430
3586
3574
3581
3621
3620
3613
3645
3745
3408
3442
3366
3391
3450
3447
3415
3440
3408
3435
3382
3432
3400
3403
3406
3375
3363
3355
3385
3376
3391
3358
3373
3377
3366
3379
3411
3395
3422
3383
3382
3808
5210
4504
3591
3481
3449
3447
3484
3438
3426
3452
3381
3419
3467
3425
3437
3396
3453
3381
3390
3382
3371
3399
3355
3353
3407
3378
3409
3511
3418
3405
3377
3421
3375
3381
3471
3377
3379
3394
3424
3396
3694
3551
3413
3427
3434
3429
3403
3404
3404
3376
3383
3378
3357
3394
3388
3424
3383
3395
3446
3399
3382
3378
3413
3391
3381
3400
3393
3375
3383
3371
3366
3397
3447
3387
3369
3378
3379
3372
3359
3387
3391
3411
3367
3415
3474
3380
3570
4167
3412
3422
3473
3381
3418
3433
3470
3395
3434
3366
3402
3391
3395
3412
3441
3405
3439
3406
3383
3394
3391
3379
3453
3596
3578
3586
3582
3580
3586
3587
3606
3597
3354
3377
3370
3380
3396
3371
3369
3374
3390
3366
3371
3503
3667
3462
3381
3444
3421
3426
3412
3427
3391
3382
3409
3388
3380
3508
3396
3412
3412
3387
3411
3445
3398
3389
3437
3424
3410
3374
3363
3360
3409
3419
3409
3418
3471
3406
3436
3403
3420
3380
3400
3432
3409
3426
3442
3396
3389
3420
3409
3383
3376
3434
3412
3399
3444
3404
3393
3393
3430
3388
3408
3410
3406
3389
3445
3408
3391
3382
3391
3410
3386
3415
3437
3391
3409
3382
3503
3386
3383
3376
3376
3378
3442
3399
3457
3402
3574
3428
3435
3388
3731
3789
3779
3786
3798
3799
3830
3804
3807
3827
3787
3775
3836
3783
3770
3786
4258
3943
3382
3396
3411
3382
3384
3391
3376
3429
3373
3391
3385
3379
3387
3366
3377
3412
3390
3399
3394
3360
3358
3373
3361
3362
3418
3523
3372
3384
3368
3428
3388
3378
3385
3390
3368
3434
3382
3361
3385
3389
3370
3419
3395
3407
3401
3421
3421
3396
3407
3393
3394
3388
3406
3382
3374
3359
3382
3456
3450
3466
3443
3450
3447
3441
3433
3437
3419
3418
3450
3452
3434
3432
3436
3437
3426
3419
3424
3807
3788
3802
3785
3819
3775
3709
3387
3371
3326
3402
3362
3371
3371
3407
3393
3371
3362
3416
3415
3403
3383
3400
3385
3377
3380
3364
3377
3379
3378
3385
3395
3369
3397
3396
3404
3407
3385
3394
3388
3383
3408
3804
3803
3809
3756
3761
3790
3769
3789
3794
3758
3792
3767
3790
3796
3738
3351
3380
3347
3372
3362
3372
3375
3351
3407
3535
3414
3421
3423
3426
3453
3407
3417
3437
3417
3434
3433
3415
3418
3391
3732
3378
3389
3392
3432
3654
3419
3415
3394
3392
3388
3390
3389
3379
3365
3370
3366
3366
3377
3352
3366
3391
3378
3385
3626
3783
3545
3634
3749
3613
3474
3455
3439
3466
3459
3390
3286
3615
3750
3623
3509
3473
3467
3543
3462
3552
3402
3400
3427
3498
3517
3686
3515
3504
3509
3522
3530
3567
3439
3428
3382
3381
3425
3497
3466
3486
3586
3501
3562
3437
3394
3393
3398
3384
3382
3389
3368
3372
3391
3404
3380
3383
3384
3407
3410
3379
3395
3375
3375
3386
3386
3394
3431
3380
3372
3377
3379
3370
3388
3395
3406
3533
3429
3380
3417
3399
4448
4433
3477
3446
3453
3440
3657
3498
3422
3447
3413
3439
3346
3431
3386
3376
3455
3490
3444
3443
3461
3428
3435
3483
3444
3443
3442
3452
3439
3365
3425
3395
3391
3391
3368
3388
3385
3364
3361
3387
3368
3803
3413
3370
3413
3382
3383
3401
3380
3375
3399
3382
3391
3382
3394
3393
3539
3383
3378
3424
3392
3404
3371
3384
3389
3376
3387
3397
3397
3420
3393
3412
3397
3389
3402
3416
3394
3379
3391
3397
3682
3664
3424
3369
3484
3387
3392
3380
3378
3400
3372
3604
3628
3615
3651
3633
3616
3647
3643
3574
3626
3639
3602
3642
3610
3631
3631
3612
3628
3417
3403
3391
3367
3423
3456
3377
3369
3367
3398
3406
3392
3404
3410
3396
3404
3390
3380
3408
3380
3378
3391
3378
3388
3393
3384
3389
3402
3389
3402
3380
3388
3383
3382
3377
3391
3384
3393
3403
3384
3395
3395
3378
3416
3434
3423
3434
3422
3441
3453
3466
3464
3466
3471
3472
3472
3457
3451
3377
3388
3404
3411
3405
3497
3440
3425
3383
3371
3410
3386
3387
3400
3369
3380
3404
3378
3418
3382
3375
3400
3409
3411
3388
3383
3407
3398
3404
3395
3402
3374
3408
3363
3380
3394
3399
3418
3423
3413
3426
3762
3778
3374
3380
3386
3403
3400
3407
3465
3383
3382
3413
3412
3420
3422
3369
3372
3372
3368
3373
3380
3400
3386
3380
3390
5048
3527
3446
3471
3425
3402
3424
3403
3406
3435
3383
3406
3939
3789
3780
3773
3804
3808
3734
3371
3426
3390
3370
3376
3383
3391
3375
3369
3371
3394
3418
3375
3384
3378
3377
3378
3407
3383
3405
3390
3384
3401
3375
3385
3395
3419
3413
3371
3391
3412
3424
3410
3416
3421
3423
3403
3415
3417
3529
3405
3398
3384
3393
3409
3370
3393
3384
3388
3391
3421
3401
3391
3396
3406
3420
3409
3431
3420
3410
3418
3382
3420
3399
3393
3388
3383
3375
3401
3399
3407
3412
3407
3415
3423
3413
3402
3398
3390
3423
3389
3381
3372
3366
3374
3401
