4131
4125
4053
4105
4262
4049
4073
4113
4112
4260
4251
4126
4148
4182
4109
4248
4101
4196
4242
4093
4241
4152
4376
4216
4106
4646
4252
4156
4212
4131
4184
4118
4229
4247
4154
4132
4252
4156
4200
4111
4199
4189
4192
4223
4124
4083
4196
4124
4099
4146
4121
4155
4303
4136
4107
4090
4212
4179
4141
4226
4110
4180
4213
4135
4078
4112
4094
4190
4221
4190
4140
4090
4098
4095
4160
4082
4114
4123
4177
4183
4180
4092
4132
4107
4218
4125
4105
4148
4097
4126
4091
4109
4063
4068
4155
4128
4137
4216
4319
4278
4224
4149
4192
4070
4128
4204
4144
4295
4162
4125
4275
4141
4139
4190
4531
4356
4304
4577
4740
4057
4149
4071
4018
4157
4131
4100
4148
4021
4075
4107
4027
4354
4232
4532
4127
4002
4045
4036
3999
4025
4600
4106
4037
3966
3954
4500
4056
4413
5722
4433
4098
4006
4289
4052
3952
4294
3977
3962
4298
4029
4212
3994
3988
4266
4019
4192
4147
4010
4294
3998
3914
4012
3915
3905
4064
3881
3990
4078
3895
4034
3936
3931
4072
3919
3990
4061
3914
3993
3954
3919
3988
3969
3945
3971
3914
3947
3964
3954
5449
6321
5683
4278
4015
3988
3971
3895
3953
3920
3950
3967
3945
3944
3993
3969
3964
3908
3997
3994
3936
3967
3916
4064
3968
3991
3919
3998
3980
3859
3989
3949
3932
5484
4288
4698
4027
4020
4040
3989
4011
3953
4001
3965
3958
3908
3978
3919
3956
3904
3935
4000
3903
4006
3927
3925
3959
3940
3956
3915
3932
3964
3934
3953
3917
4085
3964
3938
3951
4043
3888
3933
3912
3961
3904
4220
3922
3936
3936
3962
3937
3925
3984
4140
3929
3878
3883
3960
3943
3962
3942
3923
3955
4013
3921
3928
3911
3949
3891
3902
3941
3950
3897
3932
3967
3968
3924
3906
3926
3897
3919
3978
3904
3895
3912
3857
3900
3902
3906
3998
3913
3922
3951
3969
3895
3906
3957
3912
3954
3903
3920
3952
3920
3878
4031
3897
3922
3953
3887
3892
3961
3922
3944
3933
3889
3927
3929
3926
3920
3882
3903
3872
3943
3918
3882
3939
3916
3928
3903
3905
3960
3928
3893
3899
3902
4290
4746
4394
4059
3984
3903
3812
4327
3943
3922
3925
3913
3896
3936
3967
3970
4111
3919
3969
3920
4102
4457
4400
3878
3914
3923
3924
3913
3914
3891
3906
3917
3930
3911
3910
5814
4143
3977
3960
3921
3915
3910
3910
3871
3893
3988
3909
3921
3920
3922
3936
3916
3920
3940
3929
3896
3914
3862
3913
3942
3929
3915
3939
3921
3940
3975
3939
3944
3900
3907
3917
3904
3887
3875
3915
3914
3905
3903
3924
3949
3878
3914
3914
3882
3910
3908
3973
3971
3946
3948
3943
3937
3923
3939
3950
3949
3964
3958
3947
3950
3945
3913
3923
3909
3894
3915
3905
3871
3908
3891
3907
3900
3910
3905
3914
3894
3910
3904
3911
3910
3912
3906
3901
3921
3911
3893
3906
3923
3917
3915
3917
3916
3918
3908
3908
3923
3897
3908
3908
3908
3911
3887
3906
3934
3900
3902
3912
3914
3906
3918
3899
3857
3883
3905
3895
3905
3902
3887
3886
3848
3881
3960
3918
3904
3880
3917
3917
3905
3901
3906
3908
3893
3912
3897
3929
3947
3936
3906
3912
3896
3958
3898
4120
4131
4111
4119
4091
4115
4133
4126
4094
4104
4088
4132
4103
4096
4109
4132
4110
4099
4089
4127
4062
4121
4096
4092
4103
4105
4120
4087
4111
4070
4121
4142
4104
4108
4092
3896
3904
3909
3902
3908
3902
3862
3866
3905
3870
3946
3894
3928
3941
3917
3930
3908
3916
3917
3916
3890
3941
3938
3933
3928
3990
3935
3935
3950
3968
3941
3942
3941
3952
3926
3989
4046
3915
3883
3868
3936
3894
3870
3916
3900
3904
3920
3900
3910
3973
3922
3984
3987
3995
3990
4002
3918
3967
3947
3932
3900
3936
3924
3987
3958
3975
3930
3903
3919
3875
3941
3886
3917
3914
3935
3916
3936
3896
3931
3918
3929
3928
3927
3921
3900
3867
3899
3902
3922
3900
3908
3899
3929
3928
3903
3866
3907
3934
3913
3927
3944
3903
3892
3913
3907
3927
3956
3916
3881
3955
3948
3929
3970
3919
3892
3880
3896
3893
3867
3899
3880
3872
3908
3893
3882
3888
3855
3893
3901
3899
3908
3913
3912
3903
3916
3925
3937
3922
3891
3880
3913
3906
3928
3916
3909
4010
4257
3842
3878
3887
3867
3899
3912
3913
3870
3882
3862
3889
3898
3881
3861
3913
3862
3858
3865
3895
3924
3899
3895
3869
3895
3859
3896
3893
3908
3941
3896
3903
3916
3889
3879
3886
3918
3891
3902
3880
3913
3910
3882
3846
3872
3894
3896
3880
3905
3905
3899
3900
3885
3865
3873
3878
3879
3849
3888
3898
3850
3872
3894
3887
3887
3855
3903
3910
3908
3871
3893
3902
3881
3888
3914
3896
3893
3921
3891
3917
3895
3899
3900
3895
3895
3930
3875
3899
3907
3943
3933
3910
3958
3941
3922
3971
3865
3918
3928
3891
3919
3877
3928
3969
3905
3912
3934
3918
3897
3893
3883
4354
4346
4330
4379
4348
3960
3867
3891
4043
4552
6074
6173
6212
6218
6324
6500
6382
6356
6537
6282
6344
6392
6408
6359
6392
6455
6501
6903
6283
4673
5482
6664
7031
6826
6818
6891
5312
4397
4397
4444
4375
4719
4763
4362
4735
4382
4935
5161
6642
6676
6711
6230
4467
4139
4076
4061
4096
4211
4025
4056
6624
7304
7453
7480
7663
7572
7262
4328
4218
4198
4241
4359
4319
4302
4346
4461
4425
4441
4289
4161
4083
4017
4028
3999
4076
4071
4046
4047
4039
4090
4051
4049
4091
4052
4120
4128
4157
4189
4199
4256
4202
4195
4158
4226
4256
4352
4319
4502
4215
4218
4210
4229
4195
4244
4314
4341
4269
4181
4202
4196
4212
4221
4290
4277
4259
4357
4251
4193
4211
4224
4236
4252
4181
4201
4228
4236
4193
4209
4170
4178
4204
4225
4132
4101
4163
4251
4333
4253
4214
4294
4223
4299
4205
4097
4093
4090
4149
4207
4134
4185
4207
4281
4262
