3681
3671
3588
3552
3589
3582
3593
3565
3591
3617
3598
3665
3621
3560
3549
3581
3615
3586
3710
3619
3602
3573
3576
3589
3591
3586
3553
3591
4002
5409
3813
3534
3512
3590
3564
3629
3581
3604
3607
3602
3581
3615
3583
3568
3582
3555
3600
3534
3600
3611
3612
3550
3582
3571
3594
3563
3547
3540
3563
3566
3554
3588
3569
3816
3562
3845
3693
3594
3559
3587
3566
3552
3546
3585
3560
3570
3536
3580
3541
3553
3553
3602
3584
3560
3570
3584
3543
3598
3538
3557
3571
3553
3593
3569
3609
3576
3549
3600
3590
3567
3590
3587
3602
3583
3566
3550
3593
3562
3575
3595
3580
3595
3558
3561
3552
3601
3556
3566
3576
3552
3569
3510
3582
3568
3724
3641
3620
3629
3654
3646
3568
3608
3648
3624
3642
3639
3619
3658
3610
3651
3623
3598
3577
3607
3639
3607
3625
3587
3621
3627
3597
3593
3639
3591
3596
3633
3633
3571
3664
3670
3689
3650
3694
3560
3621
3572
3614
3564
3610
3575
3605
3611
3617
3554
3626
3548
3609
3570
3597
3573
3733
3607
3590
3577
3589
3603
3563
3572
3589
3544
3591
3578
3600
3639
3549
3604
3630
3549
3585
3576
3606
3727
4160
3658
3654
3603
4764
6222
5291
3690
3666
3597
3603
3587
3538
3491
3438
3557
3576
3640
3589
3572
3562
3563
3556
3594
3564
3567
3614
3593
3572
4278
3773
3622
3814
3590
3634
3716
3563
3606
3642
3570
3610
3631
3560
3585
3595
3598
3618
3580
3597
3571
3606
3581
3649
3589
3585
3576
3571
3634
3564
3546
3621
3549
3560
3637
3562
3573
3571
3557
3540
3553
3540
3591
3567
3595
3605
3674
3727
3597
3569
3628
3567
3597
3860
4003
3982
3958
4020
3983
3975
4046
3560
3679
3553
3601
3544
3570
3596
3503
3628
3581
3575
3608
3604
3577
3600
3669
3556
3577
3572
3575
3552
3597
3550
3565
3545
3586
3555
3562
3583
3606
3575
3577
3577
3550
3577
3555
3566
3579
3548
4000
4039
4028
4038
4035
3994
3996
4057
3878
3706
3852
3924
3813
3645
3692
3751
3663
3620
3567
3564
4221
3958
3897
3694
3916
3836
5060
3805
3749
3555
3467
3646
3575
3632
3639
3607
3655
3709
3683
3827
3757
4379
4229
4206
3828
3770
3683
3681
3747
4443
4290
3711
3691
3757
3784
3629
3602
3511
3481
3498
3691
3803
3608
3615
3607
3583
3611
3615
3719
3615
3619
3588
3561
3597
3592
3529
3584
3591
3551
3608
3547
3616
3648
3668
3575
3597
3608
3572
3586
3595
3537
3565
3538
3631
3583
3541
3555
3573
3563
3537
3574
3553
3598
3631
3646
3720
3872
5258
4035
3636
3568
3511
3533
3539
3571
3651
3597
3573
3597
3563
3560
3597
3545
3687
3596
3560
3526
3611
3593
3599
3569
3601
3584
3531
3589
3579
3571
3613
3563
3556
3560
3581
4313
4509
4502
3754
3636
4072
4008
3860
3729
3612
3612
3530
3494
3441
3491
3638
3955
3565
3600
3589
3542
3589
3548
3612
3593
3589
3578
3591
3557
3577
3575
3563
3554
3653
3555
3578
3635
3577
3731
3562
3727
3569
3594
3536
3601
3948
3550
3599
3588
3538
3595
3568
3565
3550
3573
3540
3561
3550
3590
3587
3564
3553
3558
3584
3594
3570
3557
3555
3598
3591
3558
3576
3656
3563
3556
3620
3560
3555
3594
3539
3525
3567
3594
3525
3543
3618
3559
3547
3573
3558
3600
3543
3584
3544
3689
3564
3571
3582
3590
3581
3521
3586
3602
3567
3574
3611
3543
3589
3578
3512
3538
3561
3580
3547
3574
3574
3607
3577
3509
3569
3560
3566
3576
3624
3543
3599
3562
3562
3574
3557
3570
3543
3556
3600
3568
3886
3588
3597
3545
3543
3545
3547
3603
3533
3558
3560
3538
3587
3603
3582
3614
3518
4025
3655
3566
3588
3555
3557
3547
3589
3585
3539
3565
3527
3523
3573
3569
3577
3557
3569
3539
3590
3609
3542
3568
3597
3547
3559
3583
3504
3573
3567
3583
3530
3563
3593
3575
3580
3621
3561
3542
3531
3619
3587
3552
3565
3549
3593
3636
3577
3573
3564
3564
3563
3560
3566
3583
3540
3557
3695
3577
3590
3559
3569
3513
3618
3593
3589
3587
3535
3657
3601
3567
3549
3599
3542
3569
3568
3553
3588
3628
3574
3840
3584
3593
3574
3517
3608
3550
3543
3551
3527
3581
3522
3578
3614
3596
3527
3573
3509
3586
3562
3561
3580
3547
3556
3555
3597
3571
3559
3526
3557
3497
3565
3556
3653
3542
3548
3553
3534
3567
3544
3565
3554
3555
3659
3539
3804
4224
4431
4202
3633
3605
3626
3515
3505
3465
3562
3527
3512
3561
3589
3541
3591
3549
3591
3559
3579
3542
3617
3596
3566
3585
3592
3527
3564
3578
3563
3590
3544
3541
3540
3601
3567
3555
3582
3552
3542
3590
3591
3586
3715
3555
3639
3531
3541
3547
3563
3585
3541
3580
3557
3693
3628
3571
3543
3569
3513
3595
3525
3591
3598
3538
3553
3672
3556
3546
3541
3579
3584
3573
3553
3564
3545
3511
3541
3581
3613
3564
3558
3788
3647
3586
3531
3560
3574
3553
3569
3527
3604
3548
3547
3552
3525
3592
3559
3558
3660
3602
3623
3551
3537
3625
3620
3566
4020
3634
3529
3534
3525
3576
3569
3625
3623
3569
3546
3579
3554
3575
3580
3523
3603
3598
3550
3582
3602
3560
3540
3614
3529
3569
3596
3565
3633
3572
3563
3559
3549
3573
3595
3529
3604
3584
3605
3539
3549
3553
3577
3572
3559
3569
3547
3548
3560
3601
3649
3574
3568
3564
3613
3532
3571
3563
3568
3567
3567
3587
3570
3576
3569
3572
3587
3549
3569
3551
3557
3561
3565
3598
3591
3564
3536
3594
3595
3531
3527
3583
3583
3570
3493
3539
3580
3587
3575
3628
3550
3541
3540
3526
3570
3589
3600
3558
3556
3598
3519
3569
3564
3588
3549
3547
3731
3558
3566
3539
3578
3525
3588
3543
3566
3564
3570
3544
4011
3588
3549
3560
3597
3549
3544
3568
3551
3871
3566
3557
3551
3561
3567
3616
3551
3542
3585
3620
3530
3531
3549
3658
