3140
3047
3079
3071
3070
3076
3468
3472
3454
3458
3508
3462
3472
3297
3127
3115
3113
3137
3084
3107
3136
3107
3116
3117
3119
3216
3108
3063
3157
3186
3560
3472
3467
3496
3501
3497
3498
3532
3485
3467
3495
3460
3506
3464
3462
3126
3139
3112
3141
3080
3107
3091
3128
3082
3113
3106
3166
3232
3129
3176
3161
3175
3125
3125
3177
3138
3121
3132
3127
3158
3191
3095
3111
3082
3129
3148
3112
3139
3142
3105
3136
3122
3142
3136
3079
3143
3126
3223
3117
3534
3471
4149
3689
5388
5402
5381
3791
3215
3236
3224
3212
3233
3182
3026
3000
3011
3094
3101
3085
3066
3150
3143
3179
3116
3098
3106
3142
3137
3084
3123
3128
3182
3174
3095
3154
3141
3130
3182
3118
3112
3113
3128
3102
3071
3186
3080
3107
3092
3115
3121
3093
3146
3102
3064
3123
3095
3114
3092
3248
3122
3079
3313
3318
3375
3335
3320
3101
3132
3126
3121
3131
3140
3109
3125
3127
3114
3070
3105
3088
3150
3107
3142
3163
3104
3140
3088
3179
3097
3113
3101
3109
3108
3126
3116
3111
3125
3088
3135
3091
3114
3104
3132
3138
3132
3127
3070
3094
3106
3124
3154
3128
3108
3121
3101
3094
3142
3098
3154
3099
3168
3088
3142
3145
3167
3203
3273
3091
3127
3118
3118
3135
3137
3131
3141
3091
3114
3085
3120
3135
3111
3117
3102
3116
3106
3118
3116
3121
3083
3138
3096
3124
3085
3109
3156
3136
3109
3096
3105
3106
3171
3144
3095
3107
3103
3123
3172
3185
3150
3157
3110
3103
3172
3125
3490
3453
3515
3518
3500
3532
3521
3510
3493
3509
3479
3529
3466
3461
3473
3136
3131
3131
3129
3151
3095
3124
3124
3066
3073
3146
3096
3106
3100
3173
3104
3075
3131
3098
3125
3113
3088
3154
3262
3300
3369
3324
3289
3310
3360
3280
3286
3347
3313
3317
3142
3125
3126
3129
3140
3160
3148
3157
3102
3150
3155
3110
3138
3113
3150
3132
3147
3114
3154
3122
3097
3107
3119
3110
3100
3105
3117
3333
3278
3117
3111
3099
3117
3612
3591
3622
3442
3139
3116
3100
3114
3124
3143
3163
3147
3133
3121
3128
3128
3100
3192
3158
3199
3157
3159
3139
3154
3159
3335
3148
3186
3183
3212
3250
3230
3173
3148
3131
3173
3073
3098
3137
3062
3055
3069
3068
3075
3092
3106
3161
3094
3102
3264
3123
3119
3144
3108
3148
3344
3297
3495
4365
3854
3445
3153
3437
3404
3210
3053
3661
3632
3435
3281
3306
3422
3272
3232
3223
3447
3513
3063
3508
3371
3153
3123
3147
3084
3158
3139
3204
3432
3152
3112
3111
3125
3114
3272
3291
3124
3085
3130
3133
3301
3088
3095
3113
3116
3138
3118
3086
3123
3119
3121
3137
3131
3123
3106
3102
3091
3362
3103
3086
3145
3141
3065
3256
3133
3096
3103
3080
3091
3088
3130
3086
3096
3078
3157
3155
3103
3104
3123
3065
3109
3132
3064
3107
3079
3142
3128
3165
3119
3135
3144
3140
3208
3127
3074
3168
3164
3099
3139
3116
3091
3109
3147
3141
3125
3112
3101
3092
3125
3080
3112
3154
3102
3077
3113
3139
3112
3105
3136
3107
3118
3096
3170
3153
3214
3162
3096
3086
3168
3103
3109
3100
3149
3096
3130
3133
3088
3300
3467
3463
3462
3444
3474
3468
3484
3479
3473
3447
3501
3461
3512
3467
3468
3497
3540
3536
3483
3471
3497
3483
3520
3529
3482
3437
3497
3476
3485
3492
3467
3513
3515
3477
3467
3463
3471
3458
3493
3492
3471
3485
3536
3467
3495
3313
3113
3146
3105
3132
3149
3216
3079
3106
3155
3091
3077
3143
3103
3094
3107
3098
3154
3115
3122
3092
3103
3138
3129
3140
3116
3162
3123
3162
3104
3069
3085
3124
3091
3150
3168
3102
3139
3124
3128
3163
3144
3167
3095
3160
3110
3113
3140
3164
3127
3113
3118
3129
3142
3138
3152
3113
3120
3117
3124
3136
3142
3165
3122
3137
3077
3128
3134
3087
3104
3281
3135
3126
3080
3126
3135
3061
3089
3164
3135
3113
3088
3264
3170
3078
3137
3115
3101
3109
3083
3115
3139
3150
3108
3078
3126
3253
3093
3149
3121
3150
3139
3155
3185
3197
3154
3155
3150
3140
3166
3185
3189
3187
3212
3149
3152
3201
3215
3160
3158
3186
3141
3189
3172
3152
3113
3133
4417
3397
3121
3058
3656
3511
3500
3339
3504
3248
3249
3203
3196
3117
3138
4066
3726
3199
3429
3192
3174
3113
3373
3243
3226
3678
3403
3256
3211
3179
3225
3304
3325
3262
3216
3207
3497
3370
3390
3248
3223
3286
3244
3199
3231
3360
3459
3700
3404
3436
3240
3212
3266
3201
3135
3146
3132
3215
3241
3251
3289
3241
3486
3501
3521
3706
3250
3293
3593
3344
3240
3230
4214
5269
4942
3735
3100
3344
3249
3514
3235
3127
3149
3244
3167
3198
3221
3149
3181
3130
3165
3136
3180
3190
3147
3144
3119
3123
3316
3288
3330
3132
3120
3103
3144
3125
3115
3151
3120
3132
3114
3080
3115
3118
3099
3119
3124
3140
3104
3089
3105
3113
3128
3110
3384
4517
3559
3140
3045
3111
3248
3085
3105
3140
3137
3090
3160
3137
3132
3115
3127
3117
3102
3106
3134
3079
3127
3090
3113
3116
3126
3104
3165
3097
3122
3068
3120
3137
3086
3074
3128
3123
3100
3107
3079
3162
3124
3150
3126
3117
3096
3142
3104
3109
3100
3142
3114
3101
3363
3125
3101
3103
3116
3110
3096
3124
3110
3137
3082
3158
3361
3091
3125
3109
3267
3481
3049
3094
3142
3114
3101
3107
3089
3108
3057
3092
3091
3127
3147
3151
3127
3134
3146
3088
3094
3125
3114
3133
3069
3129
3091
3121
3114
3089
3152
3127
3097
3127
3112
3104
3125
3070
3046
3085
3165
3114
3130
3182
3117
3101
3103
3120
3102
3129
3134
3109
3114
3100
3110
3115
3081
3069
3088
3332
3082
3127
3114
3108
3139
3304
3075
3092
3103
3074
3064
3132
3100
3119
3096
3069
3110
3147
3105
3074
3089
3100
3110
3067
3146
3086
3126
3078
3117
3090
3148
