9814
9430
9297
10172
9107
9123
9090
9117
9489
9131
9087
9161
9083
9386
9167
9428
9289
9170
9074
9094
8966
9146
9111
9091
9078
9113
9139
9106
11630
12182
9909
10307
10158
10220
10556
10234
10051
10376
10321
11015
10083
11671
10109
10016
9958
10160
10676
10176
10221
9975
9827
9668
9749
9681
9864
9858
9742
9835
9899
10093
10161
10295
10321
9949
10185
10090
9950
10326
10024
10111
10031
10046
9903
9899
9894
9984
9812
9723
9728
9813
9697
9670
9723
9683
9628
9994
9685
9485
9728
9671
10338
11242
9850
9705
9731
9641
9827
10031
9616
9771
9522
10028
10084
10071
9990
9655
10430
9610
11396
9917
9912
9718
9783
9809
10514
10691
9935
9748
10033
10087
9780
10150
10067
9781
9882
10186
9794
9734
12368
11641
9864
10557
10841
10647
12905
10662
11813
10670
12684
13127
12277
11479
12373
11475
10456
9894
9815
9412
9534
9424
9673
9311
9485
9615
9498
9337
9715
9989
10149
10314
9830
11419
10341
10193
9653
9670
9996
9491
9349
10191
9849
9129
9426
9451
9199
9069
9358
9522
9181
10948
10777
9408
9448
9682
9536
9379
9475
9524
9188
9289
9517
9411
9248
9497
9564
9346
9192
9149
9054
8978
8995
9028
8939
8907
9483
8968
8980
9045
9277
9086
8891
8929
9041
8952
9194
8916
9035
8954
9005
8954
8903
9022
9003
8972
8958
8945
8852
8929
8934
8891
9727
9118
9089
9113
8938
8996
11040
9270
9121
8987
8879
8942
8976
9002
8928
8981
8934
8976
8961
8889
8830
8909
8863
9029
8945
8956
8904
8890
8933
8926
8925
8922
8875
8891
8951
8861
10427
9494
9080
10024
10336
9604
9290
9144
9082
9257
11465
9560
9202
10788
11200
10141
10445
9186
9132
9159
9137
9126
9064
8932
9079
8939
9040
8987
8993
9078
8926
8874
8912
9112
9069
9049
8987
8979
9581
9136
11212
9299
9311
9111
9075
9053
8950
8986
8886
8922
8976
9119
9646
9108
9529
9327
9039
8921
9032
8923
8935
8967
9104
9126
8920
8919
8958
8991
8981
8997
8961
8986
9546
9395
9063
9076
8994
8986
9776
9661
9670
10197
10011
10414
9786
11525
11391
10293
11309
10603
10297
10132
9969
9511
9208
9273
9337
10139
9204
9656
9162
9047
9013
9107
9565
9255
9205
9225
9165
9617
9178
9022
8973
13048
10872
10837
9813
9293
9106
9005
9083
9112
9107
9215
9308
9273
12618
11606
11281
12552
12797
14715
11534
9786
9500
13208
9466
9516
9346
9805
10126
10001
9184
8996
9092
9087
9009
9128
9157
9187
9132
9104
9108
9181
9926
9887
11525
9559
9617
9228
9127
9216
9172
8994
8991
8952
9116
9121
9107
9271
9840
8981
9106
9049
10183
13090
9376
9185
9190
9632
10543
10213
10225
9828
9882
10309
11336
10801
9793
9560
9644
9829
10120
9544
9554
9608
9837
9664
10215
9594
9520
9643
10907
10409
9710
9625
9614
9402
9127
9300
9192
9307
9161
9031
9114
9291
8953
8953
9035
8905
9187
8986
9045
9032
9787
11981
9287
9145
9028
9021
8926
9025
9032
8957
8986
8997
8931
8879
9020
8878
9031
9191
10375
12671
9619
11091
10089
10493
9292
9197
9356
9001
9032
9082
9023
9000
8932
8917
8855
9008
8974
9279
9825
10010
10721
9446
8889
8993
9109
9268
9122
9206
10680
9337
9114
8912
8969
8962
8977
9931
9210
9309
9063
8929
9673
10208
9116
9203
9101
8980
9056
8958
9026
9013
8983
8960
8949
9006
8975
9036
9112
9365
9208
9068
9101
9006
9143
9132
9039
9097
9024
9231
9030
9095
9013
9135
9050
9045
9136
9072
9044
9098
9113
9054
9118
8929
8999
8950
9121
9099
9002
9006
8995
9096
10522
10346
10052
11073
9314
9124
9291
9022
9146
9135
9027
9008
9122
9060
9052
9021
8964
9130
9001
9171
9112
9062
8978
9006
8991
9044
9031
8949
9480
9005
9122
10152
9092
11723
10502
9841
11497
9473
9190
9152
9039
9049
9026
9129
9023
9051
9028
9000
9011
8971
8998
8941
8980
9020
10166
10659
9143
9015
9225
10257
10948
10540
10593
10027
12548
10847
10521
10458
10540
10587
10456
10215
9846
9911
9672
9658
9871
9754
9776
9622
9709
9663
9558
9682
11457
11298
9940
11348
11520
9557
11077
11353
9931
11280
11481
9605
9772
9640
9649
9878
9474
9574
9305
9382
9563
9325
9459
9273
9399
9215
9235
9335
9258
9187
9129
9248
9264
10784
10005
9694
9185
9299
9152
9211
9014
9138
9130
9032
9015
9110
9048
9362
9596
9214
9109
8943
8991
9056
9083
9154
8921
9507
10113
9853
13825
13716
11079
10327
12605
9803
9522
9257
9366
9163
9684
10241
9600
9617
9174
9056
9425
9647
9643
9722
10037
9984
10367
9840
11939
10888
10317
12179
9950
9643
9421
9412
10071
9694
9988
9715
9746
9559
10147
9512
9400
9760
9666
11835
9583
9487
9360
9335
9340
9198
9317
9331
9167
9212
9438
9182
9000
9167
9051
9118
9047
9045
9070
9018
9130
12689
9232
9244
9230
9124
8979
8985
9126
9015
9001
10913
9268
9217
9136
9036
9075
8998
8940
9011
9021
8874
8903
8911
9008
8917
8904
9012
8956
8973
9075
8984
9011
8967
8909
8888
8938
9004
9036
8900
9103
8956
8995
8965
8938
9021
8914
8965
8954
8875
8935
8934
9527
9876
11229
9277
9143
9040
10067
10170
12173
10864
14398
12062
9822
9545
9338
9123
9089
9010
9095
8983
9404
9012
9025
8963
8975
8890
9084
8976
8942
8930
9073
9134
9043
8989
9101
9062
9741
11720
10774
10253
9486
9458
9395
9290
9168
9056
9140
9282
9206
9093
8987
9096
9014
9134
9656
9936
10131
9648
9545
9202
9392
9143
9278
9220
9115
9235
8975
9747
9232
9253
9095
9181
9179
9032
9167
9032
9139
8997
9142
8904
8943
8913
9019
8987
8947
8997
9004
8832
8866
8905
8874
8996
8959
8913
8947
8954
8965
8894
8906
8905
9028
9039
8943
8959
9045
9067
8960
9296
11470
9324
9278
9004
9150
9112
10909
10741
10312
10107
9857
10259
11004
10985
10535
10989
10336
10789
9961
9689
9632
9540
9713
9917
9933
10048
10044
9782
9729
9842
9677
9965
