5947
6073
6002
6082
5969
6019
5952
5908
6092
5950
5880
6017
5954
6113
5884
5808
5941
5854
5872
5862
6030
5967
5939
5911
6078
5907
5905
6180
5961
5992
5914
5954
5951
5906
5843
6016
5882
5992
5828
5834
5899
5807
5904
5831
5859
5906
5942
5843
5852
7870
6126
5967
5913
6092
5955
5908
5878
5872
5844
5868
5838
5894
5960
5887
5850
5945
5868
5992
6191
5952
6025
5931
5880
5847
5886
5926
5877
6069
5911
5884
5981
5912
5869
5955
6028
6145
5959
5954
5905
5896
5918
6095
5933
5830
5936
5916
5796
5948
6022
5918
5818
5888
5997
6127
5904
5936
5944
5917
5905
5880
5871
6456
5913
6919
6004
5845
5841
5960
5998
7001
5864
5893
5939
5899
5893
6049
5902
5829
5864
5946
5868
5766
5940
5805
5836
5873
5853
6630
6328
5936
5870
5838
5798
5865
5768
5805
5835
5811
5921
5877
5835
5720
5772
5838
5787
6004
5835
5869
5885
5814
5810
5832
5803
6430
5857
5769
5828
5769
5885
5850
5851
5810
5863
5836
5822
6565
5810
6433
5775
5765
5797
5810
5784
5839
5854
5866
6251
5875
5794
5898
5938
5756
5832
5858
5793
5741
5850
5822
5812
5770
5814
5817
6011
6103
5846
5777
5813
5879
5828
5836
5849
5821
5875
5806
5854
5756
5802
5892
5788
5795
5822
5820
5821
5832
5763
5775
5797
5843
5760
5839
5845
5799
5844
5823
5897
5802
5832
5809
5807
5818
5839
5807
5845
5783
5800
5864
5809
5819
5800
5791
5731
5837
5791
5802
5764
5876
5799
5807
5841
5856
5835
5894
5832
5792
5882
5843
5803
5826
5981
6121
6219
5828
5798
5814
5838
5810
5877
5766
5753
5815
5821
5880
5852
7089
6775
6654
6262
6313
6561
6636
6799
6581
6676
6655
6371
6967
6935
7138
6341
6397
6541
6261
6655
6694
7589
7931
6646
6343
8821
7256
8336
6926
8044
6919
8671
9204
8832
9030
8904
9539
9624
9738
9734
9964
9958
10034
10000
10201
10145
10287
10365
10266
10176
10183
10046
10116
9914
10444
11027
10856
9391
6883
6323
6460
6213
6112
5940
6168
6321
6679
6143
6301
6405
6500
8391
9060
9682
10443
7931
6464
6949
7008
6375
7205
7000
6640
6105
6327
8139
6607
6347
6238
6486
6751
7847
6862
7329
7453
7878
6095
6035
6015
6060
6204
8625
9841
6440
6504
6455
6694
6501
6569
6578
6944
6839
6590
8981
7791
6271
6525
6209
6067
6180
6333
6490
6932
6284
6913
6728
6482
6484
6671
9493
9235
6429
6184
6219
6154
6202
6665
6972
6599
6666
6755
7012
6979
6308
6789
6923
6961
6422
7358
7400
6504
7128
7367
6581
7254
6460
6440
6151
6554
6441
6451
6064
6623
6657
6379
8654
9595
9239
9661
8870
7538
6754
7219
7294
7165
6861
10975
11224
11751
8093
6524
6319
6317
6279
6118
6073
6470
6159
6074
6180
7268
6981
7990
8683
7662
8721
8468
10138
7856
7311
9503
6891
6846
7078
7282
6749
6546
9699
7430
6836
6426
6432
6555
6376
6545
6135
6301
6495
6128
6299
6119
6020
6387
6189
6199
6222
6099
6640
8443
6327
5933
6134
6743
7009
7624
6108
6229
7974
6313
7875
5989
6599
6225
7324
6144
5899
6591
7412
7147
6790
6694
7733
7327
6530
10062
6209
6945
6671
6273
6517
6302
9803
7402
7506
6419
7067
7189
6564
6098
6440
6007
6327
8446
6544
6712
6248
6397
6703
6114
6053
5906
6058
6110
6967
6423
6186
6254
5981
6223
5962
5965
5961
6098
6307
6519
6195
6027
8828
7046
7580
8095
6385
6690
6467
6121
6832
6002
6966
7359
6115
6423
6027
6376
6323
6094
6155
6134
6131
6081
6230
6148
6264
6274
6629
6436
6307
6297
6176
6068
6153
6188
6200
6293
6217
6238
6251
6444
6188
6109
6023
6866
7083
6267
6053
6036
6158
6055
6179
6060
6162
6172
6110
6146
6051
6103
6021
6156
6147
6225
6199
6057
6162
6104
6150
6099
6433
6063
6183
6146
6050
6198
6074
6078
6036
6082
6056
6069
6003
6031
6034
6000
6031
6130
6405
6391
6438
6705
6414
6153
6029
5936
6057
5991
5932
5972
5929
5921
5850
5948
6048
6132
6145
5963
5907
5885
7587
6076
6007
5922
6198
5921
5832
6301
5898
5924
6167
5918
6152
5731
5854
5826
5893
5831
5893
5852
5903
5880
5878
5882
5874
5833
5884
5759
5834
5874
7799
6093
5899
5939
5826
5975
5842
5958
5917
5917
5849
5865
5824
5867
5792
5859
5846
5818
5841
5857
5844
5978
5907
5886
5845
5828
5974
5812
5897
5856
5917
5827
5821
5888
5851
5873
5905
5865
5927
5910
5867
5793
5881
5895
5816
5907
5884
5869
5806
5843
5937
5952
5799
5869
6133
6485
6330
6130
6305
8313
7358
5834
5870
5941
5842
5865
6035
5886
5879
5909
5878
5860
5856
5802
5813
5816
5857
5829
5794
5919
5903
5882
5832
5825
5791
5815
5839
5842
5786
5896
5861
6211
5804
5824
5862
5823
5869
5813
5790
5875
5931
5808
5830
5886
5867
5857
5833
5790
5830
5881
5850
5789
5782
5873
5793
6473
6410
5900
5858
5813
6363
5833
5779
5906
5807
5848
5846
5786
5798
5903
6004
5846
5880
5762
5848
5837
5870
5887
5847
5938
6080
6232
6275
6505
5957
5802
6295
5851
6287
6348
5989
6378
6133
6427
6174
5957
6000
5891
5869
5967
6011
5874
5833
5969
6010
5875
5793
5839
6130
5866
5859
5889
5841
5856
5808
5847
5932
5964
5828
5968
5937
5964
5941
5837
5782
5912
5862
5867
5875
6183
6212
6171
6180
6220
6210
6202
6200
6198
6201
6218
6221
6191
6204
6209
6185
6152
6101
5858
5871
5815
5813
5831
5875
5846
5839
5782
5815
5816
5865
5809
5763
5840
5824
5856
5839
5871
5908
5858
5854
5793
5918
5809
5852
5831
5848
5842
5820
5819
5889
5802
5891
5833
5859
5802
5856
5839
5757
5961
5973
5766
5798
5756
5789
5882
6460
6481
6487
5817
6147
5769
5824
5914
5818
5842
5803
5825
5804
5814
5815
5809
5882
5861
5861
5875
5847
5897
5818
5884
5819
5879
5804
5832
