4383
4312
4392
4458
4564
4522
4480
4475
5126
6878
7051
6580
5072
4817
4696
4583
4508
4540
4512
4470
4491
4646
4744
4491
4448
4432
4528
4451
4399
4491
4487
4524
4513
4511
4399
4774
4499
4540
4575
4560
4506
4479
4527
4533
4492
4503
4469
4862
4721
4381
4475
4525
4501
4502
4450
4382
4375
4458
4483
4473
4465
4469
4530
4545
4412
4418
6261
5312
6336
6377
5836
6759
6855
6957
6892
6971
7023
7004
7017
7025
7031
6960
6952
6038
4443
5525
5315
4945
4765
4524
4492
5168
5508
5098
7030
7202
7241
7406
7600
7682
7256
7331
5280
4669
4666
4574
5211
5191
4414
5274
4791
4431
4493
4391
4329
4396
4431
4467
4486
4488
4554
4685
4781
4851
4861
4885
4889
4916
4880
4794
4750
4817
4776
4731
4736
4710
4620
4633
4619
4626
4523
4492
4484
4630
4520
4595
4618
4613
4652
4628
4579
4587
4564
4517
4684
4482
4792
4944
4485
4375
5914
4686
4628
4641
4687
4589
4558
4528
4482
4478
4548
4494
4505
4488
4498
4495
4511
4576
4798
4551
4484
4520
4537
4478
4512
4598
4483
4473
4502
4483
4545
4462
4477
4507
4511
4556
4534
4764
4777
4606
4556
4518
4628
4652
4643
4564
4511
4466
4455
4445
4370
4364
4379
4490
4389
5811
4539
4393
4392
4547
4488
4419
4661
5033
4416
4364
4449
4447
4401
4497
4526
4506
4430
4488
4479
4504
4399
4499
4520
4500
4449
4362
4431
4436
4582
4488
4398
4456
4725
4498
4357
4351
4486
4484
4523
4490
4376
4477
4575
4630
4550
4472
4454
4415
4469
4365
4398
4510
4507
4489
5217
5070
4456
4477
4482
4477
4496
4493
4506
4531
4373
4393
4440
4384
4387
4494
4471
4496
4445
4496
4377
4477
4541
4436
4444
4391
4369
4463
4550
4710
4537
4460
4372
4494
4480
4498
4500
4388
4511
4405
4400
4422
4522
4640
4657
4612
4536
4517
4497
4391
4370
4374
4449
4491
4481
4509
6418
4596
4468
4399
4490
4398
4493
4430
4348
4562
4530
4376
4382
4454
4484
4409
4379
4475
4449
4426
4504
4379
4409
4490
4467
4410
4390
4529
4442
4355
4469
4509
4498
4523
4560
4540
4484
4444
4406
4490
4461
4453
4462
4555
4521
4495
4520
4485
4469
4434
4485
4505
4386
4734
4475
4430
6262
4525
4495
4484
4521
4491
4387
4427
4504
4508
4451
4404
4434
4482
4595
4491
4831
4445
4420
4437
4459
4541
4550
4506
4384
4465
4499
4441
4385
4503
4511
4514
4454
4494
4535
4509
4527
4494
4395
4418
4499
4496
4695
4596
4612
4603
4481
4497
4511
4499
4647
4670
4766
4514
4402
5941
4488
4479
4463
4432
4445
4458
4895
4573
4435
4430
4373
4695
4515
4559
4398
4436
4440
4450
4430
4364
4473
4478
4502
4486
4526
4453
4415
4519
4516
4485
4399
4415
4559
4430
4380
4483
4382
4484
4495
4581
4438
4374
4407
4460
4489
4842
4416
4493
4452
4516
4501
4515
4512
4505
5653
4623
4502
4464
4451
4457
4566
4454
4603
4465
4475
4464
4509
4422
4398
4421
4450
4398
4447
4490
4428
4382
4375
4580
4484
4494
4488
4399
5493
5319
5063
4520
4378
4344
4420
4479
4525
4497
4502
4410
4404
4523
4845
4590
4520
4491
4517
4486
4468
4486
4383
4447
4439
4520
4527
5952
5055
5196
4466
4469
4483
4519
4382
4561
4528
4557
5064
4677
4460
4388
4441
4383
4381
4479
4398
4500
4576
4518
4455
4465
4400
4503
4498
4488
4480
4385
4424
4508
4504
4453
4422
4949
4541
4419
4409
4669
4486
4515
4499
4407
4500
4530
4406
4380
4951
5024
4440
4385
4525
4349
6222
4892
4646
4481
4859
4574
4495
4392
4374
4374
4384
4376
4463
4497
4502
4444
4518
4583
4508
4483
4459
4370
4447
4486
4476
4479
4506
4480
4366
4383
4418
4477
4496
4539
4505
4502
4478
4452
4482
4415
4491
4531
4492
4435
4467
4419
4386
4503
4509
4489
4453
4390
4782
4502
4489
4904
5349
4462
4383
4506
4498
4491
4421
4397
4468
4460
4416
4366
4440
4457
4488
4461
4478
4524
4415
4525
4406
4477
4445
4472
4550
4928
4508
4413
4434
4400
4477
4516
4518
4516
4494
4693
4546
4517
4454
4435
4407
4458
4493
4447
4359
4628
4524
4424
4518
4509
4515
4474
4485
4535
4493
6822
4520
4470
4490
4514
4488
4407
4398
4452
4472
4436
4421
4359
4415
4490
4536
4620
4585
4623
4591
4493
4486
4374
4636
4361
4360
4349
4712
4559
4527
4393
4402
4354
4430
4465
4439
4408
4496
4401
4441
4403
4469
4463
4362
4430
4387
4419
4435
4390
4472
4485
4508
4498
4517
4501
4914
5745
4450
4480
4485
4520
4437
4494
4580
4940
4642
4613
4577
4857
4522
4361
4655
4422
4398
4404
4472
4427
4406
4449
4553
4375
4501
4525
4704
4690
4449
4496
4673
4412
4389
4518
4481
4475
4490
4408
4391
4473
4496
4486
4428
4385
4450
4406
4395
4568
4461
4400
4499
4498
4463
4362
6180
4492
4387
4373
4758
4471
4490
4430
4471
4441
4438
4361
4404
4548
4463
4468
4389
4479
4486
4462
4431
4388
4511
4375
4488
4456
4392
4461
4436
4485
4416
4469
4365
4394
4463
4495
4440
4421
4421
4388
4490
4450
4364
4370
4408
4552
4361
4480
4502
4393
4386
4784
4635
4504
4498
4881
5997
4500
4498
4528
4424
4565
4451
4416
4406
4451
4496
4439
4376
4480
4353
4397
4370
4458
4431
4492
4497
4507
4410
4385
4369
4495
4399
4490
4479
4505
4490
4463
4370
4373
4404
4397
4496
4538
4417
4428
4776
4442
4463
4455
4393
4386
4466
4478
4469
4458
4439
4495
4503
4486
4454
5942
4543
4418
4355
4435
4500
4533
4498
4416
4412
4497
4420
4380
4447
4347
4447
4484
4491
4391
4463
4485
4386
4364
4355
4378
4465
4540
6464
4420
5074
4327
4453
4827
4601
4509
4757
4576
4314
4379
4444
4564
4656
4643
4721
4749
5052
4815
4578
4519
4568
4861
4940
4698
4761
5370
6285
5310
4741
4630
4530
4499
4390
4374
4463
4499
