4019
4018
3989
3992
4017
3998
4001
4034
4066
4012
4031
4069
4034
3999
3996
4016
3985
3995
4035
4016
4020
4001
4150
4058
4045
4055
4013
4063
3975
4022
4052
3997
4005
4032
4074
4045
4059
4087
4016
4020
4031
4081
4078
4012
3998
4071
4020
4534
4539
4537
4499
4475
4458
4525
4435
4479
4522
4591
4521
4453
4506
4525
4468
4514
4497
4513
4530
4239
4081
4058
4065
3971
4043
4053
4042
3988
4050
4070
4029
4069
4082
4034
4022
4144
4065
3985
4054
4044
4024
4080
4101
4046
4206
4100
4019
4050
4029
4018
4010
4057
4010
4042
4071
4081
4080
4076
4049
4068
4056
4083
4068
4052
4033
4100
4067
4056
4043
4091
4052
4094
4067
4004
4074
4091
4033
4002
4053
4093
4071
4018
4078
4054
4061
4049
4016
4086
4103
4096
4198
4189
4037
4085
3975
4214
4080
4091
4090
4071
4047
4101
4063
4054
4039
4086
4065
4072
4080
4063
4060
4076
4077
4057
4101
4105
4103
4096
4074
4071
4104
4093
4076
4107
4049
4086
4074
4062
4051
4124
4058
4084
4118
4092
4110
4108
4104
4133
4067
4082
4080
4088
4078
4078
4102
4093
4095
4104
4056
4071
4098
4103
4092
4128
4063
4123
4135
4102
4098
4104
4088
4103
4086
4162
4064
3979
4028
4025
4020
4065
4060
4061
4049
4048
4035
4008
4038
4023
4040
4020
4007
3986
4182
4065
3992
3975
4033
4020
4032
4098
4075
4024
4051
4048
4040
4060
4044
4060
4009
4087
4045
4061
4105
4083
4052
4021
4025
4040
4109
4099
4045
4032
4037
4035
4038
4043
4059
4040
4197
3997
4028
4067
4015
4028
4000
4043
4051
4065
4033
4090
4077
4022
4018
4050
4032
4035
4006
4052
4048
4037
4038
4002
4026
4049
4031
4034
4072
4008
4075
4052
4043
4041
4025
4083
3993
4005
4035
3993
4025
4043
4033
4057
4038
4008
4033
4007
4008
4032
4064
4011
4036
4035
4036
4054
4008
4099
4086
4037
4041
4116
4089
4070
4044
4108
4074
4076
4083
4059
4085
4050
4044
4085
4062
4058
4063
4089
4084
4108
4062
4080
4086
4126
4096
4094
4069
4080
4093
4077
4114
4131
4076
4065
4129
4087
4075
4101
4096
4122
4081
4056
4103
4087
4132
4086
4118
4049
4054
4057
4112
4039
4155
4003
4504
4537
4518
4518
4490
4506
4520
4504
4469
4040
4028
4059
4042
4071
4042
4066
4035
4001
4002
4018
4024
4032
4020
4013
3998
4073
4047
4054
4010
4033
3970
4029
4023
4028
4037
4095
4050
4049
4001
4035
4039
4003
4045
4060
4023
4034
4047
4022
4041
4061
3975
4015
4054
4060
4039
3998
4070
4034
4033
4061
4028
4006
4018
4014
4044
4502
4492
4489
4508
4502
4474
4507
4475
4512
4479
4504
4451
4504
4466
4458
4496
4499
4470
4510
4457
4510
4478
4469
4491
4466
4469
4479
4498
4452
4505
4514
4483
4463
4506
4475
4475
4469
4507
4464
4481
4487
4449
4509
4454
4477
4421
4527
4487
4498
4516
4502
4520
4514
4533
4509
4528
4505
4510
4501
4530
4448
4047
4050
4055
4035
4038
4002
4018
4035
4053
4056
4058
4023
4077
4172
4068
4042
4046
4020
4087
4063
4065
4057
4050
4081
4036
4116
4035
4098
4055
4043
4082
4099
4069
4059
4106
4087
4053
4076
4077
4082
4068
4042
4062
4049
4028
4064
4078
4061
4049
4057
4075
4090
4070
4058
4086
4083
4067
4059
4087
4056
4049
4063
4042
4052
4024
4053
4023
4052
4004
4023
4008
4024
4040
4024
4022
3980
4043
4066
4022
4032
4027
4016
4028
3990
4011
4074
4038
4065
4013
4059
4085
4031
4070
4078
4029
4017
4014
4053
4044
4054
4012
4080
4057
4025
4040
4072
4043
4065
4061
4034
4010
4030
4022
4058
4064
4019
4034
4001
4070
4046
3983
4082
4115
4056
4034
4048
3999
4001
4021
4029
4012
4018
4021
4021
4045
3974
4029
3990
4009
4041
4012
3982
3987
4003
4047
4075
4029
4003
3981
4016
4066
4057
4013
4030
4048
4058
4015
4010
4044
3955
4027
4191
4072
4123
4031
4030
4055
4013
4063
4014
4039
4083
4043
4068
4082
4056
3997
4052
4030
4036
4046
4029
4032
4077
4025
4079
4029
4070
4041
4030
4034
4026
3974
4035
4041
4049
4039
4002
4043
4072
4082
4072
4045
4113
4099
4059
4083
4044
4044
4043
4041
4019
4031
4055
4007
4055
3984
4018
4295
4229
4151
4061
4047
4093
4059
4032
4066
4063
3970
4040
4046
4037
4054
4077
3960
4073
4055
4028
3993
3989
4022
4025
4087
4017
4104
4005
4168
4020
4009
4098
4065
4021
3997
3996
4061
4075
4019
4047
4052
4033
4156
4059
4052
4033
4055
4043
4065
4102
4060
4116
4098
4060
4073
4077
4131
4077
4080
4018
4013
4023
4018
4002
4038
4023
4040
4023
4026
4054
4072
4071
4047
4049
4022
4048
4121
4065
4111
4085
4097
4076
4060
4055
4045
4034
4036
4079
4057
4060
4018
4201
3958
4042
4069
4074
3971
4020
3997
4046
4044
4044
4037
4054
4062
4036
3995
4050
4030
4011
4073
4033
4066
4033
4052
4086
4022
3989
4001
3950
3978
4014
3978
3971
4024
4007
4015
3988
3990
4028
4001
4027
3989
4008
4047
3983
4008
4068
4012
4028
4037
4050
4052
4015
4040
4051
4002
4041
3973
4048
4041
4061
4229
4065
4026
4012
4017
4283
4039
4049
4300
4333
4358
4384
4292
4021
3991
4014
3976
3999
4011
4052
4033
4091
4054
4033
4064
4045
4026
4048
4100
4056
4035
4093
4033
4049
4024
4047
4035
4019
4037
4043
4016
4031
4018
4016
4026
4026
4010
3996
4026
4043
4090
4058
4065
4035
4081
4059
4025
4025
4057
3983
3985
3990
4012
3973
4037
3965
4495
4328
4008
4026
4024
4009
3976
4034
3973
3945
3978
4001
4484
4364
4069
4056
4050
4045
4042
3992
4003
4180
4129
3947
3967
3981
3991
4017
4024
4029
3998
4077
4101
4428
4432
4033
4023
4013
4043
3959
4005
3973
4012
3990
4034
3993
4070
4010
4058
4044
4025
4027
4039
4053
4013
4013
4028
4177
