8943
9932
9927
9910
9900
9947
10052
10044
10021
9988
9981
9962
9944
9938
9937
10029
9975
9924
10022
9983
9964
9929
9941
9159
9111
9067
9039
9068
9098
9053
9065
9166
9185
9087
9172
9179
9157
9132
9117
9171
9124
9161
9154
9058
9104
9071
9079
9128
9059
9116
9056
9090
9150
9114
9115
9069
9094
9120
9102
9072
9137
9077
9031
9067
9104
9098
9152
9099
9076
9042
9077
9023
9001
9025
9036
9140
9068
9101
9214
9091
9188
9138
9188
9130
9200
9126
9145
9119
9170
9141
9115
9107
9152
9170
9127
9147
9171
9152
9145
9014
9135
9008
9140
9203
9120
9100
9119
9120
9173
9100
9032
9076
9179
9131
9191
9204
9106
9165
9202
9174
9214
9122
9235
9155
9143
9192
9204
9168
9134
9163
9155
9102
9151
9138
9164
9063
9309
9110
9058
9155
9073
9100
9131
9206
9171
9916
10020
10025
10044
9984
9950
9941
9923
9931
9916
9929
9049
9113
9098
9083
9100
9127
9151
9179
9200
9134
9222
9129
9025
9099
9066
9017
9111
9065
9116
9006
9071
9034
9075
9140
9196
9181
9129
9132
9244
9117
9099
9222
9097
9143
9073
9161
9081
9137
9140
9254
9085
9176
9103
9143
9300
9582
9486
9159
9582
9121
9442
9179
9293
9052
9285
9455
10499
9905
9148
9257
9002
9326
9277
9128
9135
9720
9154
9104
9243
9246
9027
9132
9240
9284
9170
9230
9126
9251
9164
9188
9259
9043
9130
9286
9288
9067
9278
9086
9283
9184
9287
9243
9166
9115
9096
9164
9157
9177
9201
9192
9214
9213
9090
9131
9181
9297
9131
9202
9243
9132
9231
9208
9339
9263
9128
9135
9210
9167
9293
9247
9160
9198
9198
9222
9289
9257
9213
9329
9201
9296
9199
9303
9452
8945
9112
9187
9131
9082
9072
9069
9040
9092
9032
9095
9120
9106
9103
9142
9105
9130
9132
9158
9140
9188
9260
9121
9234
9160
9228
9076
9076
9084
9185
9232
9230
9257
9193
9223
11005
9389
9236
9216
9167
9114
9092
9163
9231
9209
9207
9080
9206
9173
9193
9087
9147
9082
9113
9057
9118
9126
9163
9107
9171
9049
9182
9163
9221
9115
9034
9054
9131
9134
9092
9200
9124
9109
10155
10110
10115
10131
10238
10136
10138
10151
10149
10083
9574
9092
9183
9619
10359
9242
9208
9118
9110
9195
9229
9122
9155
9180
9134
9202
9145
9266
9223
9289
9114
9112
9171
9226
9192
9206
9154
9133
9103
9539
13071
9995
11532
9290
9153
9143
10348
10362
10306
9130
9145
9145
9102
9110
9192
9187
9272
9253
9198
9153
9157
9274
9238
9206
9361
9110
9068
9018
9139
9205
9189
9196
9156
9216
9227
9315
9249
9248
9262
9266
9188
9301
9248
9240
9250
9284
9214
9229
9238
9250
9217
9196
9115
9150
9346
9096
9196
9070
9198
9273
9202
9192
9206
9066
9187
9310
9018
8963
8932
9153
9156
9120
9249
9116
9151
9195
9134
9125
9047
9283
9115
9104
9144
9153
9200
9165
9234
9174
9219
9254
9216
9169
9191
9226
9227
9288
9216
9166
10518
10071
9477
9236
9129
10157
9206
9246
9093
9070
9174
9084
9173
9140
9126
9141
9139
9210
9087
8986
9228
9418
9487
9054
9125
9121
9097
9163
9121
9104
9174
9148
9070
9150
9058
9062
9037
9051
9084
9164
9184
9106
9062
9074
9089
9071
9040
9070
9123
9080
8993
9033
9056
9289
9146
9195
9113
9181
9154
9140
9039
9104
9085
9168
9163
9149
9062
9095
9265
9075
9195
9171
9197
9154
9113
9166
9185
9231
9237
9087
9206
9142
9259
9248
9253
9205
9205
9206
9142
9105
9153
9166
9156
9155
9179
9186
9181
9103
9080
9123
9138
9085
9152
9157
9198
9185
9136
9206
9234
9082
9119
9072
9229
9243
9064
9105
9155
9123
9162
9138
9163
9119
9232
9321
9114
9166
9175
9100
9191
9190
9143
9124
9178
9232
9160
9192
9152
9154
9145
9088
9185
9149
9096
9165
9123
9106
9101
9134
9684
10126
10210
10166
10225
10164
10126
10214
10204
10137
10184
10189
10151
9483
9177
9164
9279
9137
9155
9203
9234
9189
9205
9290
9189
9281
9310
9322
9327
9300
9276
9203
9275
9254
9253
9188
9277
9267
9245
9183
9236
9291
9294
9230
9180
9219
9262
9269
9221
9211
9100
10148
10164
9298
9099
9154
9269
9222
9257
9222
9245
9242
9237
9208
9164
9230
9206
9214
9138
9019
9075
9074
9118
9070
9059
9064
9063
9031
9127
9118
9100
9127
9097
9192
9204
9223
9269
9221
9297
9172
9221
9209
9255
9251
9201
9296
9263
9292
9213
9203
9184
9266
9247
9166
9161
9201
9192
9110
9053
9023
9128
9173
9169
9116
9217
9067
9026
9088
9051
9076
9116
9116
9031
9078
9062
9178
9126
9113
9153
9218
9247
9247
9239
9213
9220
9206
9184
9241
9293
9260
9216
9232
9267
9232
9263
9248
9248
9203
9279
9260
9165
9296
9254
9172
9244
9215
9176
9167
9171
9187
9172
9125
9090
9112
9127
9042
9107
9039
9182
9100
9127
9114
9163
9210
9116
9250
9553
9463
9187
9307
9074
9033
9076
9094
9102
9059
9045
9073
9096
9376
9101
9116
9132
9055
9168
9153
9152
9165
9242
9250
9243
9146
9238
9134
9234
9273
9227
9238
9214
9261
9245
9217
9274
9275
9266
9317
9221
9091
9135
9141
9109
9116
9087
9136
9202
9076
9174
9089
9051
9066
9211
9067
9006
9070
9111
9153
9173
9167
9100
9023
9053
8980
9030
9165
9089
9480
8968
8930
8971
9015
9003
8997
9110
9008
8997
9059
9047
9042
9010
9108
9055
9017
9028
9030
9047
9085
9024
8958
9042
9064
9060
9052
8948
8981
8999
9014
9028
8948
8969
9074
8959
9037
9023
9021
9080
9253
9041
9083
9056
9049
9019
9032
9068
8968
9043
9043
8988
8968
9451
9510
9105
9011
9021
9075
9108
9125
9098
9587
9612
9592
9541
9397
9041
9077
9015
9087
9040
9008
9076
9073
9083
9133
9122
9104
9208
9178
9134
9084
9076
9145
9318
9530
9325
9200
9209
9157
9082
9203
9219
9200
9360
8992
9063
9086
9096
9134
8956
9068
9040
9075
9011
9061
