3217
3169
3176
3197
3165
3147
3173
3166
3142
3188
3183
3135
3172
3181
3178
3140
3166
3147
3147
3212
3159
3171
3202
3130
3163
3134
3184
3189
3201
3161
3169
3164
3177
3158
3183
3173
3151
3196
3144
3144
3151
3186
3184
3151
3160
3179
3192
3207
3158
3181
3156
3168
3198
3195
3151
3205
3204
3150
3196
3197
3193
3228
3243
3217
3230
3230
3196
3296
3278
3247
3253
3279
3186
3186
3171
3196
3144
3171
3141
3185
3175
3183
3168
3242
3198
3128
3201
3181
3163
3176
3161
3188
3171
3204
3137
3187
3149
3197
3168
3201
3130
3227
3183
3226
3155
3177
3181
3148
3180
3132
3130
3159
3352
3171
3215
3348
3194
3226
3162
3216
3233
3222
3178
3194
3187
3199
3267
3251
3255
3200
3199
3207
3233
3216
3229
3186
3239
3212
3206
3233
3167
3222
3199
3217
3180
3188
3239
3256
3187
3240
3213
3230
3235
3225
3235
3226
3177
3241
3211
3172
3218
3185
3204
3227
3195
3183
3189
3187
3224
3214
3204
3194
3227
3187
3184
3214
3430
3382
3458
3390
3387
3442
3438
3399
3425
3437
3430
3421
3411
3447
3416
3427
3416
3396
3406
3413
3378
3441
3439
3397
3395
3398
3193
3219
3198
3222
3224
3187
3197
3274
3235
3202
3223
3227
3260
3270
3241
3246
3209
3280
3246
3232
3221
3224
3235
3248
3236
3248
3262
3284
3245
3181
3218
3246
3233
3275
3249
3204
3210
3206
3200
3200
3206
3236
3199
3160
3220
3197
3217
3184
3232
3219
3191
3212
3244
3221
3201
3236
3237
3191
3252
3227
3223
3186
3211
3224
3167
3216
3226
3180
3224
3178
3215
3191
3207
3193
3192
3231
3215
3286
3249
3239
3205
3206
3262
3248
3211
3233
3243
3209
3250
3214
3198
3230
3226
3199
3234
3338
3177
3194
3217
3195
3205
3255
3221
3178
3202
3225
3188
3199
3182
3217
3191
3187
3196
3198
3211
3180
3188
3187
3166
3186
3215
3195
3196
3204
3182
3198
3183
3199
3209
3217
3180
3184
3212
3213
3234
3201
3190
3189
3191
3204
3198
3176
3223
3224
3196
3208
3200
3209
3236
3248
3174
3232
3190
3216
3195
3214
3232
3253
3212
3169
3188
3242
3359
3214
3224
3201
3157
3219
3279
3213
3240
3205
3190
3158
3203
3236
3206
3199
3211
3194
3199
3195
3191
3190
3190
3188
3222
3197
3195
3193
3226
3198
3207
3221
3198
3200
3155
3201
3181
3237
3174
3204
3231
3220
3195
3216
3215
3225
3195
3187
3203
3198
3228
3170
3233
3211
3225
3210
3210
3168
3257
3223
3226
3198
3209
3196
3377
3203
3247
3223
3190
3168
3228
3326
3178
3223
3229
3246
3192
3230
3241
3199
3195
3213
3192
3196
3207
3203
3249
3236
3221
3331
3280
3301
4565
3936
3360
3242
3328
3268
3422
3257
3233
3321
3233
3228
3219
3217
3234
3251
3263
3224
3233
3240
3243
3240
3188
3243
3239
3189
3350
3248
3245
3282
3582
3239
3207
3196
3221
3175
3239
3269
3473
3468
3445
3416
3429
3436
3410
3466
3416
3466
3483
3437
3350
3253
3257
3196
3233
3223
3232
3240
3239
3235
3360
3252
3258
3241
3260
3252
3220
3236
3236
3228
3219
3245
3217
3232
3264
3269
3494
3228
3241
3210
3270
3198
3240
3209
4932
3432
3268
3243
3242
3246
3236
3191
3220
3240
3247
3219
3239
3269
3212
3234
3194
3255
3259
3257
3218
3200
3209
3209
3257
3226
3250
3202
3235
3199
3221
3227
3268
3246
3245
3235
3226
3214
3199
3256
3201
3244
3243
3209
3223
3243
3228
3190
3306
3241
3330
3329
3216
3211
3193
3196
3242
3164
3236
3221
3225
3163
3260
3204
3237
3218
3172
3257
3250
3286
3329
3402
3256
3291
3197
3232
3229
3273
3257
3281
3208
3234
3219
3218
3265
3206
3217
3229
3245
3259
3265
3199
3237
3215
3260
3211
3260
3255
3246
3250
3253
3194
3219
3227
3223
3191
3241
3256
3239
3203
3228
3222
3216
3215
3231
3202
3228
3230
3211
3204
3210
3183
3206
3215
3187
3448
3466
3212
3216
3199
3223
3162
3194
3191
3222
3233
3234
3457
3394
3457
3424
3427
3461
3471
3426
3441
3480
3449
3456
3474
3437
3475
3465
3448
3457
3441
3410
3439
3449
3420
3415
3427
3473
3218
3241
3229
3234
3250
3258
3237
3251
3219
3210
3241
3245
3209
3244
3239
3242
3269
3218
3220
3220
3240
3227
3211
3239
3243
3223
3232
3278
3239
3246
3223
3244
3202
3266
3240
3316
3496
3429
3228
3209
3216
3176
3261
3211
3230
3196
3255
3236
3253
3227
3204
3239
3263
3242
3238
3232
3275
3208
3238
3246
3231
3263
3267
3239
3234
3254
3264
3219
3218
3266
3255
3256
3248
3217
3238
3248
3253
3270
3276
3278
3266
3233
3286
3214
3253
3236
3232
3214
3239
3195
3263
3187
3235
3258
3221
3256
3212
3268
3229
3224
3253
3238
3192
3251
3216
3222
3189
3229
3197
3210
3237
3198
3182
3242
3197
3235
3262
3253
3262
3287
3243
3233
3219
3183
3218
3209
3242
3216
3233
3199
3201
3207
3201
3199
3230
3229
3195
3173
3228
3256
3203
3258
3216
3207
3234
3392
3377
3223
3322
3524
3288
3191
3227
3189
3191
3210
3216
3241
3637
3660
3612
3592
3626
3600
3640
3636
3590
3621
3613
3597
3188
3215
3193
3224
3183
3174
3249
3214
3195
3199
3204
3202
3248
3236
3202
3226
3209
3193
3349
3459
3278
3228
3207
3210
3211
3258
3238
3226
3231
3248
3197
3234
3249
3258
3265
3231
3216
3229
3222
3241
3238
3289
3270
3231
3226
3229
3206
3264
3237
3209
3217
3254
3205
3270
3239
3289
3248
3201
3260
3239
3258
3221
3250
3235
3246
3232
3254
3249
3265
3264
3231
3237
3255
3266
3220
3222
3251
3225
3286
3243
3273
3259
3248
3277
3205
3204
3288
3204
3171
3191
3158
3209
3158
3167
3195
3210
3158
3200
3170
3241
3270
3613
3619
3598
3624
3635
3592
3653
3636
3621
3672
3623
3630
3627
3568
3662
3574
3583
3393
3252
3201
3225
3262
3276
3276
3252
3279
