3484
3493
3436
3433
3455
3466
3445
3461
3499
3480
3486
3466
3468
3427
3446
3461
3472
3489
3398
3429
3418
3446
3448
3402
3492
3432
3464
3723
3500
3857
3886
3609
3493
3437
3490
3496
3543
3479
3503
3468
3470
3454
3503
3438
3635
3720
3449
3450
3454
3475
3431
3457
3461
3445
3474
3470
3465
3487
3500
3465
3479
3498
3500
3476
3500
3480
3464
3532
3493
3488
3442
3484
3517
3512
3512
3519
3464
3430
3556
3706
4006
4029
3513
3488
3470
3474
3486
3457
3597
3476
3518
3526
3488
3464
3474
3472
3466
3502
3474
3476
3611
3489
3463
3485
3493
3446
3477
3493
3457
3526
3615
3512
3513
3504
3519
3495
3523
3523
3483
3490
3452
3435
3511
3423
3445
3468
3421
3491
3441
3470
3479
3440
3463
3485
3454
3458
3457
3467
3450
3476
3472
3453
3462
3482
3478
3431
3473
3471
3427
3476
3479
3494
3481
3432
3495
3442
3458
3452
3494
3456
3498
3428
3521
3458
3611
3519
3435
3502
3461
3524
3496
3497
3505
3530
3494
3497
3520
3493
3517
3513
3493
3553
3482
3506
3518
3484
3452
3511
3456
3479
3476
3484
3464
3485
3461
3513
3502
3460
3508
3476
3528
3489
3508
3508
3493
3513
3495
3564
3501
3514
3496
3479
3473
3503
3440
3433
3451
3448
3480
3515
3508
3502
3470
3458
3521
3912
3496
3451
3454
3469
3461
3498
3464
3433
3487
3487
3482
3459
3504
3486
3512
3460
3441
3523
3484
3449
3478
3443
3503
3470
3587
3475
3469
3488
3481
3511
3473
3482
3545
3500
3563
3423
3451
3471
3438
3447
3418
3473
3426
3510
3456
3497
3450
3470
3457
3434
3467
3461
3476
3476
3481
3490
3454
3494
3476
3486
3460
3459
3490
3501
3476
3468
3468
3484
3502
3443
3475
3509
3447
3483
3475
3460
3489
3479
3467
3463
3472
3466
3479
3485
3450
3450
3453
3459
3444
3498
3471
3436
3475
3455
3467
3493
3460
3479
3453
3489
3475
3469
3486
3491
3454
3461
3461
3469
3464
3424
3508
3462
3494
3478
3485
3465
3505
3432
3467
3433
3443
3458
3484
3461
3485
3488
3478
3491
3458
3486
3506
3495
3488
3472
3513
3483
3481
3466
3493
3524
3457
3446
3480
3494
3507
3448
3456
3478
3489
3432
3486
3443
3463
3454
3479
3451
3485
3448
3496
3455
3412
3548
3485
3480
3485
3405
3456
3466
3492
3445
3491
3497
3472
3484
3447
3460
3484
3485
3500
3437
3487
3411
3471
3483
3470
3462
3470
3481
3473
3464
3489
3482
3490
3448
3473
3477
3499
3426
3464
3479
3456
3476
3446
3435
3467
3441
3632
3445
3487
3477
3468
3475
3487
3469
3450
3469
3466
3520
3453
3482
3512
3475
3487
3460
3481
3494
3440
3462
3502
3486
3425
3482
3477
3469
3462
3504
3441
3438
3466
3459
3456
3454
3493
3459
3450
3453
3459
3447
3444
3469
3471
3462
3463
3654
3872
3958
3531
3403
3410
3408
3482
3458
3600
3523
3485
3511
3519
3520
3434
3422
3463
3423
3415
3678
3660
3663
3708
3636
3665
3594
3645
3533
3485
3468
3482
3462
3458
3486
3512
3462
3535
3522
3497
3493
3481
3495
3505
3497
3462
3479
3486
3459
3484
3510
3502
3647
3476
3435
3496
3465
3420
3446
3475
3400
3461
3479
3502
3455
3479
3477
3460
3430
3443
3473
3472
3467
3479
3440
3486
3454
3463
3444
3434
3479
3480
3433
3426
3432
3466
3493
3504
3482
3439
3489
3454
3497
3495
3445
3471
3459
3492
3487
3439
3462
3470
3467
3470
3466
3422
3471
3460
3456
3484
3457
3512
3446
3479
3486
3489
3451
3498
3441
3536
3500
3482
3441
3493
3471
3620
3459
3521
3428
3440
3443
3470
3464
3456
3469
3451
3452
3479
3456
3441
3448
3488
3453
3463
3456
3456
3451
3454
3439
3425
3487
3465
3483
3449
3484
3473
3445
3478
3502
3456
3468
3477
3465
3465
3489
3488
3507
3475
3478
3457
3477
3460
3891
3902
3916
3933
3920
3955
3895
3925
3948
3926
3945
3933
3950
3908
3973
3937
3890
3929
3928
3923
3918
3687
3450
3446
3475
3512
3441
3484
3470
3422
3501
3483
3469
3494
3434
3495
3482
3448
3456
3468
3492
3479
3502
3460
3456
3504
3457
3474
3476
3519
3480
3485
3490
3474
3509
3488
3502
3434
3472
3472
3489
3466
3423
3475
3480
3488
3441
3464
3438
3453
3488
3472
3502
3454
3484
3478
3499
3476
3517
3532
3524
3467
3537
3472
3454
3525
3513
3487
3486
3550
3512
3523
3487
3523
3498
3498
3473
3484
3506
3478
3519
3529
3451
3499
3512
3525
3464
3523
3523
3509
3473
3521
3476
3466
3508
3452
3530
3495
3501
3530
3467
3495
3478
3720
3444
3436
3504
3450
3462
3465
3440
3441
3486
3448
3453
3498
3451
3509
3521
3503
3474
3499
3476
3497
3516
3474
3477
3466
3440
3460
3465
3475
3482
3497
3493
3488
3474
3453
3496
3494
3457
3525
3426
3484
3576
3438
3521
3446
3485
3496
3487
3466
3451
3475
3489
3457
3464
3478
3472
3470
3483
3495
3486
3502
3608
3605
3628
3638
3621
3616
3633
3610
3565
3604
3603
3587
3631
3572
3631
3457
3442
3468
3472
3487
3474
3493
3483
3476
3439
3476
3478
3462
3498
3481
3487
3424
3518
3466
3460
3460
3448
3457
3430
3459
3457
3508
3423
3459
3488
3462
3473
3465
3505
3525
3513
3473
3471
3493
3462
3449
3428
3476
3478
3452
3486
3480
3503
3477
3448
3476
3464
3493
3445
3442
3461
3469
3458
3514
3428
3478
3475
3503
3451
3470
3474
3443
3450
3440
3464
3478
3458
3486
3450
3469
3438
3512
3487
3477
3493
3450
3486
3446
3500
3477
3465
3529
3478
3565
3494
3480
3466
3461
3453
3499
3520
3582
3506
3507
3486
3465
3483
3459
3447
3461
3460
3434
3446
3450
3450
3456
3586
3434
3466
3505
3453
3515
3497
3525
3457
3527
3487
3472
3493
3441
3460
3511
3447
3505
3455
3476
3498
3481
3491
3492
3502
3468
3483
3480
3477
3462
3457
3493
3467
3797
3811
3816
3841
3782
3833
