4439
4467
4399
4477
4481
4630
4491
4497
4548
4476
4754
4528
4501
4486
4540
4530
4496
4488
4524
4503
4537
4520
4462
4523
4505
4495
4493
4536
4510
4530
4516
4521
4513
4446
4542
4489
4519
4674
4653
4520
4517
4524
4511
4539
4519
4517
4614
4489
4541
4698
4666
4501
4483
4555
4523
4431
4590
4500
4528
4467
4460
4547
4497
4507
4520
4508
4472
4451
4494
4645
4519
4463
4523
4549
4497
4493
4456
4531
4567
4495
4524
4459
4655
4521
4607
4538
4537
4442
4535
4535
4540
4515
4542
4485
4520
4513
4558
4497
4530
4546
4504
4550
4476
4543
4532
4524
4541
4588
4589
4682
4483
4569
4521
4553
4488
4525
4527
4506
4491
4507
4509
4566
4469
4539
4489
4514
4513
4532
4544
4497
4512
4517
4503
4488
4629
4556
4516
4481
4475
4526
4508
4503
4487
4504
4558
4514
4763
4590
4598
4604
4646
4627
4527
4574
4548
4539
4471
4497
4511
4534
4542
4396
4499
4490
4497
4512
4546
4467
4546
4524
4527
4503
4525
4503
4549
4441
4509
4536
4485
4535
4565
4549
4630
4632
4654
4545
4517
4454
4515
4534
4464
4473
4488
4512
4536
4519
4523
4516
4846
4458
4515
4620
4452
4483
4529
4457
4602
4529
4514
4553
4456
4546
4563
4477
4643
4562
4423
4526
4481
4541
4570
4468
4498
4555
4481
4482
4520
4557
4512
4528
4510
4589
4476
4525
4496
4496
4531
4531
4509
4514
4475
4536
4522
4460
4505
4508
4553
4519
4520
4492
4494
4548
4464
4526
4486
4497
4470
4584
4660
4501
4539
4499
4512
4551
4512
4467
4513
4511
4503
4464
4496
4546
4535
4521
4562
4478
4524
4722
4497
4456
4522
4480
4462
4564
4481
4618
4499
4496
4491
4561
4524
4476
4516
4478
4512
4508
4473
4516
4512
4532
4547
4545
4491
4480
4472
4563
4544
4549
4499
4525
4521
4530
4531
4532
4514
4636
4456
4552
4782
4580
4493
4645
4455
4509
4480
4535
4455
4490
4543
4540
4486
4506
4496
4457
4544
4536
4451
4538
4536
4486
4556
4459
4457
4492
4689
4437
4482
4514
4475
4550
4500
4519
4504
4513
4509
4498
4421
4478
4491
4656
4518
4439
4466
4519
4521
4498
4524
4452
4582
4643
4505
4484
4462
4512
4519
4504
4490
4468
4523
4520
4532
4516
4510
4522
4441
4494
4489
4529
4521
4520
4552
4505
4457
4538
4491
4482
4506
4461
4516
4670
4501
4516
4459
4534
4413
4515
4537
4524
4466
4514
4631
4509
4468
4535
4477
4620
4517
4501
4542
4467
4484
4727
4492
4533
4520
4451
4521
4519
4511
4461
4555
4519
4469
4517
4520
4541
4625
4438
4514
4479
4539
4490
4512
4502
4512
4492
4498
4684
4580
4460
4545
4521
4577
4505
4551
4484
4524
4513
4483
4497
4503
4543
4538
4463
4511
4539
4515
4481
4485
4517
4500
4455
4501
4508
4505
4513
4503
4440
4517
4642
4710
4487
4498
4540
4529
4501
4616
4430
4490
4508
4485
4532
4447
4487
4509
4508
4471
4510
4413
4537
4501
4501
4457
4523
4514
4529
4507
4426
4553
4513
4468
4495
4491
4524
4512
4489
4508
4512
4496
4519
4512
4415
4528
4446
4547
4532
4486
4509
4521
4547
4528
4525
4448
4526
4545
4480
4589
4565
4470
4509
4503
4477
4473
4516
4523
4490
4446
4561
4704
4507
4480
4526
4447
4545
4474
4479
4469
4451
4489
4499
4524
4736
4511
4508
4511
4507
4534
4495
4544
4556
4521
4500
4511
4502
4508
4514
4486
4592
4741
4578
4592
4506
4505
4530
4480
4472
4531
4469
4529
4556
4541
4521
4539
4476
4525
4553
4525
4546
4489
4485
4519
4436
4649
4469
4512
4549
4509
4509
4510
4497
4438
4519
4492
4508
4528
4492
4511
4424
4560
4466
4502
4482
4497
4506
4538
4451
4443
4474
4477
4470
4535
4560
4523
4497
4474
4534
4506
4470
4536
4506
4527
4524
4499
4492
4523
4492
4524
4511
4520
4448
4683
4494
4470
4510
4521
4516
4543
4476
4475
4501
4500
4589
4597
4528
4534
4617
4486
4481
4572
4594
4547
4498
4504
4670
4517
4519
4543
4473
4497
4469
4471
4537
4494
4512
4536
4490
4518
4509
4520
4438
4585
4495
4561
4418
4529
4502
4494
4563
4540
4444
4502
4592
4517
4529
4518
4487
4538
4550
4494
4497
4499
4514
4529
4622
4510
4569
4503
4479
4508
4442
4788
4451
4537
4492
4520
4651
4490
4517
4483
4491
4478
4489
4524
4483
4480
4440
4525
4553
4497
4533
4517
4542
4487
4534
4456
4421
4511
4495
4559
4436
4521
4489
4654
4456
4496
4550
4505
4484
4513
4482
4510
4494
4530
4503
4554
4465
4528
4505
4652
4515
4540
4471
4508
4572
4493
4542
4498
4485
4494
4479
4436
4521
4512
4510
4495
4470
4481
4544
4523
4491
4483
4493
4462
4439
4495
4500
4515
4476
4513
4507
4505
4468
4466
4467
4526
4468
4604
4495
4513
4463
4465
4495
4568
4477
4461
4502
4426
4463
4506
4486
4506
4474
4494
4488
4490
4560
4524
4476
4441
4482
4522
4527
4508
4495
4448
4510
4691
4553
4480
4512
4504
4528
4482
4590
4503
4504
4795
4490
4478
4488
4467
4543
4475
4520
4448
4463
4537
4489
4510
4477
4552
4465
4453
4556
4493
4520
4483
4495
4560
4544
4500
4488
4502
4517
4541
4544
4478
4502
4512
4537
4493
4450
4537
4531
4449
4573
4489
4470
4462
4524
4579
4464
4509
4442
4531
4504
4481
4471
4481
4494
4539
4476
4522
4469
4457
4479
4463
4471
4558
4492
4531
4548
4556
4526
4485
4471
4578
4527
4484
4474
4523
4502
4525
4532
4635
4478
4514
4484
4516
4450
4781
4497
4506
4491
4505
4442
4573
4452
4441
4491
4510
4512
4474
4486
4532
4469
4501
4541
4487
4453
4509
4527
4547
4516
4825
4464
4423
4562
4656
4461
4507
4507
4470
4476
4504
4498
4487
4473
4520
4479
4539
4496
4500
4503
4450
4510
4439
4523
4481
4579
4502
4461
4498
4485
4483
4484
4486
4465
4531
4468
4529
4518
4475
4511
4478
4506
4450
4440
4558
4505
