3735
3677
3678
3677
3664
3660
3717
3731
3735
3718
3723
3710
3678
3699
3673
3684
3851
3715
3729
3676
3720
3707
3707
3692
3661
3691
3678
3670
3628
3679
3657
3694
3688
3631
3693
3668
3690
3676
3722
3699
3729
3711
3692
3737
3682
3687
3702
3695
3693
3680
3736
3665
3703
3713
3708
3696
3717
3660
3799
3672
3716
3646
3721
3709
3699
3704
3650
3688
3716
3724
3699
3656
3681
3708
3738
3730
3700
3682
3684
3687
3695
3698
3682
3702
3682
3709
3707
3671
3733
3718
3714
3707
3695
3668
3689
3708
3740
3678
3726
3716
3735
3693
3623
3669
3709
3731
3705
3710
3692
3716
3703
3686
3719
3661
3708
3674
3670
3736
3900
3733
3786
3774
3701
3692
3687
3714
3677
3846
3712
3718
3912
3645
3619
3658
3677
3683
3807
3699
3707
3805
4111
3744
3825
3751
3810
4416
3985
3837
3794
3801
4037
4610
3854
4731
4372
3906
4624
3942
4005
3880
3756
4697
3970
3868
3808
3793
3779
4890
3961
4416
4150
3838
3794
3814
3767
5389
4145
3821
3760
3775
4659
3848
3763
3755
3759
3782
3841
3743
3744
3873
3758
3740
3711
3718
3879
3822
3670
3833
3719
3722
3750
3715
3693
3852
3806
3755
3816
3683
3682
3651
3724
3694
3809
3705
3692
3718
4370
3817
3751
3739
3715
3821
3757
3732
3834
3701
3654
3705
3686
3697
3843
3682
3699
3925
3645
3636
3708
3721
3708
3836
3721
3752
3740
3719
3736
3695
3669
3685
3755
3721
3689
3826
3687
3721
3692
3720
3704
3842
3662
3722
3828
3689
3755
3723
3713
3782
4652
3886
3774
3853
3760
4856
4023
4904
4709
3993
4816
3933
3813
4703
3926
3808
4563
3915
3878
3807
3740
3807
3772
3769
4621
3946
3799
3783
3782
4296
4353
3832
3812
4680
3891
3931
3813
3770
3758
3780
3785
4624
3786
3781
3781
3715
4217
4306
3800
3989
3825
3807
3778
3795
3795
4731
3904
3879
3794
3791
3749
3756
3933
4688
4091
3799
3856
3840
3860
5547
4101
3954
4864
4048
3908
3851
3870
4972
3993
4752
4037
3964
4723
4041
3813
3904
3833
4685
4021
3807
4519
3878
3829
3838
3828
4372
3988
3809
3876
3817
3872
3926
3807
3753
3754
3777
4032
3855
3718
3882
3762
3727
3777
3787
3803
3914
3826
3761
3876
3729
3710
3727
3719
3785
3863
3722
3718
3823
3723
3705
3709
3701
3708
3821
3972
3959
4020
3729
3723
3735
3725
3711
3826
3727
3714
3854
3730
3729
3752
3756
3757
4074
3751
3844
3728
3716
3710
3723
3695
3858
3758
3741
3899
3737
3699
3684
3721
3720
3834
3738
3710
3799
3717
3677
3722
3664
3711
3857
3645
3699
3823
3698
3724
3704
3718
3761
3877
3693
3692
3821
3670
3680
3692
3673
3663
3859
3690
3707
3706
3855
3710
3714
3732
3674
3693
3699
3707
3709
3715
3673
3709
3698
3716
3686
3729
3718
3738
3719
3706
3734
3679
3728
3730
3719
3686
3698
3739
3745
3718
3702
3741
3747
3730
3701
3733
3711
3736
3757
3705
3663
3748
3704
3745
3753
3720
3746
3747
3742
3698
3732
3734
3727
3726
3702
4399
5076
3830
3759
3735
3691
3821
3746
3711
3707
3720
3715
3681
3654
3727
3686
3707
3689
3734
3737
3702
3816
3691
3694
3710
3718
3708
3725
3687
3649
3720
3684
3663
3720
3718
3689
3683
3711
3722
3686
3690
3678
3706
3690
3669
3708
3663
3712
3693
3709
3677
3658
3718
3722
3660
3727
3698
3656
3633
3707
3690
3685
3662
3693
3666
3677
3649
3719
3667
3654
3693
3667
3676
3697
3694
3727
3697
3697
3679
3706
3731
3681
3716
3693
3720
3683
3692
3701
3726
3723
3695
3728
3756
3705
3704
3685
3685
3643
3677
3726
3746
3702
3926
3968
3939
3949
3942
3933
3985
3974
3973
3918
3943
3923
3941
3895
3964
3930
3944
3941
3986
3960
3930
3935
3976
3960
3956
3915
3975
3939
3958
3931
3965
3938
3953
3939
3973
3835
3735
3739
3738
3658
3681
3696
3735
3749
3691
3659
3674
3696
3649
3982
3974
3712
3698
3700
3654
3678
3646
3691
3698
3650
3717
3717
3709
3698
3809
3710
3688
3667
3719
3718
3664
3718
3660
3692
3680
3688
3673
3680
3686
3648
3713
3700
3695
3699
3661
3697
3683
3676
3692
3709
3740
3682
3688
3694
3688
3674
3682
3712
3697
3623
3672
3683
3697
3674
3727
3670
3664
3667
3633
3723
3696
3692
5076
4133
3734
3712
3725
3862
4747
3839
4672
3961
3818
3793
3741
3783
4684
3955
4423
4226
3788
3761
3758
3768
4352
3947
3772
4772
3963
3865
3828
3835
4783
3924
3833
4814
4039
4432
3951
4076
4031
4295
3796
3809
3821
4317
4110
3823
3756
4371
3857
3733
3771
3748
4329
3858
3907
4365
3872
3813
3815
3733
4316
3854
3772
4228
3968
3762
3734
3767
3761
4344
3810
3752
4417
3837
3983
4021
3988
4421
3790
3795
4354
3858
3753
3766
3778
3782
4283
3785
3747
4428
3807
3756
3784
3733
4375
3794
3744
4294
3852
3770
3781
3759
3745
4378
3797
3777
4349
3845
3803
3775
3764
4310
3783
3786
3816
4290
3790
3775
3799
3850
4327
3768
3809
3741
3756
4589
4290
3877
3895
3779
3799
3876
3764
3727
3831
3733
3699
3870
3854
3865
3935
3714
3761
3750
3794
3881
3758
3764
3911
3755
3747
3768
3798
3746
3858
4064
3806
4003
3786
3720
3863
3789
3804
4591
3930
3883
3837
3746
4047
4499
3955
3990
4568
4015
3877
3752
4071
4599
3848
4212
4297
4016
3843
3773
3994
3899
4029
3904
5460
4025
4061
4868
3941
3905
4014
3907
5298
4054
3933
3885
4020
4690
3978
3852
3825
3795
4884
4009
3815
4753
3885
3846
3826
3807
4475
3905
3844
3815
3793
3821
3799
3783
3730
3794
3777
3720
3726
3739
3747
3806
3769
3766
3798
3773
3705
3799
3752
3767
3724
3788
3706
3836
3744
3790
3820
4247
4196
3712
3721
3749
3769
3800
3802
3761
3741
3762
3727
3814
3867
3801
3804
3807
3960
4066
3848
3853
