5873
5814
5874
5857
6017
5976
5986
5952
5924
5963
5914
5966
5911
6003
5933
6082
5922
5934
5868
5916
5970
5873
5865
5875
5880
5922
5923
5927
5933
5904
5908
5918
5823
5878
5849
5960
5930
5901
5940
5913
5893
5892
5981
5945
5939
5986
5971
5936
5950
6167
5981
5935
5926
5935
5924
5945
5893
5979
5948
5838
5956
6001
5957
5970
6047
5985
6102
5968
5993
5945
5955
5899
5895
5860
5961
5898
5942
5871
5847
5939
5897
5946
5954
5924
5901
5881
5964
5976
6059
5917
5920
6008
6006
6051
5970
6088
6123
6136
5972
6481
5979
5984
5971
5952
6271
5941
5956
6040
5912
5980
5950
6277
6285
6279
6333
6129
5897
5970
5874
5958
5907
5901
5929
6318
6057
6017
6003
5917
5923
5905
5908
5967
5914
5926
5943
5918
5868
5958
6002
5953
6009
5966
5950
5969
5926
6621
6050
6041
5980
5912
5861
5951
5928
5975
5945
5893
5942
6006
6013
6057
5977
5939
5982
5901
5935
5852
5931
5932
5860
5889
5894
5888
5929
5937
5877
5928
5882
5921
6055
6204
6733
6369
6987
7318
7849
6540
6391
6552
6285
6988
6188
6085
6005
5979
6024
6048
5969
5941
5967
5988
5984
5928
6165
6183
5941
6040
6038
6014
5975
5978
5883
5956
6402
5991
6002
5965
5995
5923
5909
5994
5981
5959
6326
6082
5958
6668
7167
6137
6041
6015
6515
6388
6819
6207
6072
6092
6012
6001
5964
5983
5955
5881
6287
6300
6318
6300
6266
6315
6325
6285
6294
6062
6032
5924
5977
5962
5922
5980
5961
6637
6617
6077
5941
5977
5971
7185
6076
5994
6062
6137
7110
6627
6047
5946
6070
6558
6720
6140
6057
7239
6316
6137
6038
5966
6012
6051
7302
6355
6084
7031
6280
6114
6119
7125
6257
6103
6144
6120
7101
6404
6140
6094
6016
6091
6161
7230
6352
6299
7099
6410
6160
6063
6153
6192
7212
6263
6153
6074
6123
7264
6284
6111
6088
6372
7148
6512
6170
6698
6797
6080
6156
6138
6059
7340
6253
6191
6127
6088
7212
6248
6109
6129
6174
6689
6727
6161
6201
6080
7074
6297
6226
6121
6087
6137
7411
6213
6098
6142
6203
7190
6255
6055
6103
6014
6194
6022
6000
6050
5960
6006
5960
6006
5967
5996
5987
6018
6028
5980
6106
6318
6497
5988
5967
5966
6103
6235
5962
5994
6002
5982
6016
6123
6117
6725
6565
6538
6003
6002
6042
6031
5974
5996
5971
5941
5970
5939
5930
5965
5961
5960
5954
5977
5984
5915
5996
5976
5982
5972
5964
5968
5952
6059
5962
7149
6209
6017
5991
5985
6079
6010
6021
5974
5861
5985
5963
5980
5874
5969
5875
5965
5983
5994
6003
6199
6046
5992
5977
7303
6186
6156
6036
5992
6031
6045
6050
6028
5939
5980
5944
5944
5937
5954
5971
5927
5949
5909
6030
6046
5976
7225
6071
6033
6017
6009
5982
6053
6002
5990
5967
5965
6016
6014
5978
5924
5930
5906
5921
5938
5959
5897
5941
5965
5997
6156
6304
7082
6227
6124
6993
6325
6056
6034
6035
6075
6129
6017
5995
5958
5872
5923
5922
5966
5925
5973
5992
5949
5975
5942
5976
5949
5959
5955
5962
5914
5922
7164
7862
6400
9225
6971
6269
6127
5999
6072
6111
6020
5967
5969
5978
5964
5978
5988
7182
7607
6263
6404
6029
6009
5949
5981
5980
5949
5960
5972
5924
5954
5978
6017
5954
6081
6279
6297
6333
6330
6352
5960
5886
5931
5905
5929
5909
5918
5911
6015
6107
5999
6007
7048
6230
6133
6000
6048
5984
6012
6038
5978
5965
5929
5921
5943
6006
5948
6120
5950
5912
5949
5934
5961
5951
5957
5983
5988
5931
5964
5908
5965
5959
5990
6852
8747
6072
5988
5951
5994
5975
5998
5968
6025
5966
7244
6309
6293
6188
6170
6090
6026
6008
6153
6380
6055
5982
5992
6020
6377
6316
6378
6364
6378
6371
6345
5972
5987
5989
5990
5959
5946
6019
5967
6904
6064
5963
6162
6138
7045
6155
6012
6103
6077
6064
6035
5993
5986
5968
5981
5943
5884
5964
6062
6093
6089
6082
6037
6064
5976
5879
5973
5958
5929
5954
5971
5986
5978
5964
5976
5909
5970
5936
5949
5942
5865
6026
6001
5963
5963
5888
5944
5925
5900
5936
5895
5944
5897
5879
5986
6040
6131
6140
6077
6148
6107
6051
6035
6030
6002
5936
5913
5916
5962
5981
5986
5956
5963
5965
5972
5959
5936
5989
5980
5995
5953
5961
6004
6207
7044
6141
6059
5991
6019
6586
6083
5998
5992
5973
5947
5964
5972
5976
6020
5979
5937
5971
5995
5958
5993
5984
5879
5936
5919
5922
5956
5923
5924
5905
5978
5903
5909
5924
5957
5971
5876
5892
5901
6027
6011
6031
6051
6108
6004
6007
5977
6016
6043
6193
5989
5995
5972
5932
5872
6612
6611
6110
6010
5950
5957
5941
5920
5918
5913
5922
5976
5945
5968
5914
5901
5935
5959
5943
5979
5969
5969
5920
5898
5932
5933
6055
5934
5955
5968
5911
5882
5953
5945
5948
5961
5905
5947
5925
5870
5890
5956
5952
5977
5950
5993
6022
5942
5953
5945
5943
5895
5928
6636
5860
5933
5899
5887
5881
5951
5911
5931
5964
5939
5936
5898
5867
5920
5959
5918
5973
5907
5948
5920
5952
5855
5924
5905
5883
5951
5952
5992
5975
6019
5993
5987
5994
6045
5990
6004
5915
5890
5915
5887
5941
5884
5874
5886
5917
5908
5917
5871
6043
5886
5849
5900
5897
5911
5875
5898
5998
5983
5951
5893
5874
5926
5941
5941
5961
5860
5922
5899
5930
5950
5926
5923
5876
5905
5966
5944
5895
5928
5950
5922
5926
5945
5933
5908
5935
5891
5883
5960
5861
5913
5950
5883
5969
5868
5890
5908
5900
5924
5916
5869
5909
5885
5893
5907
5917
5898
5892
5890
5889
5948
5944
5944
5947
5890
5884
5929
5913
5899
5929
5880
5926
5922
5952
5914
5931
5866
5971
5916
5938
5971
5947
5902
5922
5881
5953
5886
5955
5947
5927
5929
6083
5931
5904
5860
5881
5880
5888
5949
5915
5902
6008
5927
5927
5925
5911
5918
5938
5870
