8242
8150
7979
7930
7867
7996
7908
7870
7839
7866
7843
7845
7867
7869
7910
7823
7818
7819
7859
7844
7899
7852
7943
7997
8130
7939
7868
7866
7825
7854
7808
7884
7824
7837
7791
7865
7832
7819
7900
7939
7855
7861
7823
7908
8070
8034
7836
7791
7931
7815
7945
8067
7854
7828
7916
7912
7932
7901
7927
7942
7924
7885
7964
7897
7875
7840
7866
7924
7913
7894
7902
7880
7850
7876
7832
7938
7828
7884
7865
7847
7837
7816
7878
7889
7850
7836
7780
7846
8519
8439
8416
8388
8480
8490
7899
7836
7867
7833
7886
7880
7908
7827
7908
7861
7840
7816
7842
7786
7852
7893
7903
8083
7887
7944
7901
7857
7880
7844
7822
7899
7791
7854
7890
7810
7969
7867
7858
8050
7879
7834
7885
7847
7797
7818
7798
7892
7852
7835
7783
7828
7823
7809
7920
7791
7863
7904
7860
7814
7918
7804
7823
7871
7832
8284
7819
7818
7825
7799
7789
7820
7877
7879
7823
7863
7848
7834
7793
7901
7808
7874
7906
7878
7865
7854
7836
7774
7881
7913
7888
7805
7881
7832
7833
7904
7845
7887
7883
7868
7891
7897
7822
7890
7977
7894
7858
7903
7865
7861
8251
7800
7837
7835
7901
7917
7829
7800
7877
7876
7810
7813
7884
7859
7781
7817
7866
7809
7805
7889
7840
7818
7834
7843
7850
7843
7875
7811
7810
7889
7818
7876
7842
7857
7817
7905
7833
7873
7884
7800
7893
7819
7927
7799
7882
7894
7933
7813
7880
7844
7884
7836
7920
7817
7824
7824
7931
7845
7863
7764
7820
7807
7810
7763
7893
7855
7852
7823
7829
7850
7884
7821
7885
7833
7881
7840
7868
7849
7838
7894
8162
8248
7856
7942
7852
7881
7991
7915
7784
7976
8029
7883
7917
7937
8010
7967
7967
8004
8013
7910
7877
7834
7811
7778
7855
8287
8398
8341
8327
8277
8315
8323
8371
8310
8369
8339
8326
8287
8309
8569
8928
8874
8829
8406
7827
7902
7997
8160
7934
7858
7799
7890
7829
7876
7844
7911
7912
7834
7866
7891
7854
7852
7865
7918
7918
7862
7848
7822
7830
7891
7922
7819
7879
7920
7835
7759
7842
7833
7874
7820
7830
7857
7845
7896
7829
7776
7817
7776
7912
7839
7866
7906
7853
7890
7793
7872
7801
7834
7873
7851
7823
7840
8006
8007
8561
8522
8539
8682
8630
8678
8632
8631
8616
8690
8690
8722
8672
8663
8238
7852
7887
7807
7849
8247
7816
7800
7864
7868
7861
7838
7853
7864
7890
7832
7897
7886
7909
7929
7849
7921
7936
7907
7933
7947
7861
7852
7848
7789
7805
7801
7836
7813
7863
7878
7823
7844
7846
7788
7894
8429
7947
7938
7931
7960
8000
7975
8016
8072
8137
8225
7861
7707
7753
7780
7819
7809
7800
7844
7826
7936
7870
7882
7831
7829
7792
7805
7826
7795
7787
7877
7799
7804
7849
7859
7834
7763
7785
7706
7738
7744
7700
7808
7778
7742
7770
7715
7748
7769
7760
7739
7782
7734
7816
7754
7715
7712
7827
7804
7786
7788
7799
7802
7783
7738
7765
7722
7759
7804
7699
7845
7782
7788
7796
7813
7836
7793
7790
7828
7820
7892
7793
7845
7821
7776
7786
7838
7757
7799
7797
7734
7765
7802
7749
7740
7759
7770
8140
7788
7772
7784
7796
7854
7837
7833
7786
7828
7866
7855
7778
7852
7830
7847
7793
7796
7727
7834
7744
7732
7780
7754
7802
7736
7699
7800
7687
7707
7760
7753
7840
7722
7793
7767
7774
7732
7756
7735
7705
7737
7785
7768
7740
7771
7757
7753
7824
7806
7755
7743
8142
7879
7843
7849
7832
7832
7862
7867
7871
7816
7871
7849
7848
7884
7863
8005
7754
7736
7756
7762
7799
7737
7784
7735
7768
7758
7747
7816
7721
7737
7796
7826
7789
7860
7797
7814
7721
7720
7749
7876
7762
7784
7773
7778
7732
7737
7751
7705
7751
7758
7799
7749
7823
7791
7715
7739
7713
7764
7773
7777
7810
7785
7805
7785
7765
7739
7740
7774
7743
7791
7807
7777
7746
7781
7794
8014
7836
7740
7763
7714
7813
7715
7783
7747
7752
7752
7777
7766
7751
7799
7759
7785
7804
7748
7770
7773
7765
7772
7780
7714
7801
7746
7808
7789
7767
7776
7795
7784
7798
7802
7773
7833
7846
7905
7900
7850
7828
7926
7800
7810
7781
7736
7792
8582
8611
8607
8587
8551
8593
8745
8624
8583
8609
8533
8630
8571
8584
8550
8597
8572
8569
8155
7783
7802
7717
7878
7764
7750
7752
7768
7831
7798
7781
7821
7853
7832
7859
7853
7815
7799
7879
7886
7912
7827
7861
7765
7683
7799
7792
7734
7736
7758
7703
7703
7734
7736
7747
7778
7763
7828
7801
7772
7768
7771
7717
7742
7794
7781
7802
7820
7827
7798
7789
7740
7819
7717
7808
7707
7735
7712
7807
7736
7710
7803
7789
7770
7836
7821
7991
8621
7904
7945
7938
8539
8554
8446
8479
8457
7730
7750
7726
7798
7678
8112
7770
7802
7747
7728
7780
7778
7764
8544
8599
8572
8614
8581
8592
8560
8541
8536
8572
8610
8207
7774
7930
8138
7701
7648
7779
7737
7746
7782
7786
7770
7728
7819
7765
7752
7748
7718
7741
7813
7806
7838
7783
7811
7768
7800
7770
7839
7804
7762
7753
7768
7751
7756
7730
7811
7762
7829
7798
7792
7823
7793
7766
7775
7789
7716
7836
7823
7858
7779
7857
7789
7835
7746
7742
7724
7728
8141
8120
7738
7746
7802
7800
7743
7743
7764
7783
7784
7718
7765
7738
7731
7724
7767
7755
7760
7800
7762
7710
7786
7747
7688
7783
7732
7922
7914
7754
7799
7732
7734
7734
7754
7748
7681
7809
7725
7749
7774
7753
7809
7856
7739
7764
7774
7840
7705
7755
7761
7759
7752
7773
7746
7787
7766
7794
7770
7812
7805
7766
7789
7776
7729
7762
7707
7741
7744
7738
7732
7734
7842
7707
7840
7739
7877
8150
7744
7689
7799
8129
7710
8607
8575
8563
8660
8678
8667
8570
8519
8581
8530
8548
8611
8578
8140
7761
7786
7962
7820
7753
7733
7784
7794
7759
7696
7701
7726
8179
8147
8186
8184
8193
8213
