5549
5609
5618
5672
5873
5684
5848
5653
5674
5685
5701
5714
5740
5671
5696
5713
5724
5689
5692
5695
5800
6144
6134
6044
7232
5878
5712
6249
5780
5722
5700
5673
5780
5732
5907
5927
5812
5820
6003
5797
5632
5709
5629
5783
5722
5850
7023
6098
6006
5825
6104
5756
6344
5724
5670
5716
5680
5716
5729
5646
5677
5606
5606
5645
5658
5602
5625
5619
5647
5650
5617
5626
5617
5609
5640
5586
5629
5627
5672
5680
5635
5632
5611
5585
5983
6246
5654
6069
5597
5676
6034
5699
5818
6143
6224
6138
5588
5932
5919
5628
5638
5668
5652
5649
5711
5670
6214
5876
6750
5659
5679
5631
5622
5646
5665
5667
5682
5669
5653
5704
5643
5888
5766
5816
5681
5629
5596
5637
5587
5674
5643
5654
5564
5569
5592
5590
5603
5682
5777
5713
5705
5598
5622
5639
5644
5630
5594
5598
5617
5616
5625
5656
5642
5700
5791
5936
5872
7292
5881
5620
5641
5656
5931
5619
5637
5645
5635
5597
5606
5611
5610
5645
5641
5691
6359
5672
5606
5575
5653
5621
5626
5616
5632
5608
5672
5639
5641
5621
5622
5623
5592
5613
5583
5819
5655
5676
5708
5680
5721
5689
5717
5681
5712
5703
5676
5709
5687
5681
5693
5721
5731
5724
5727
5701
5727
5711
5724
5739
5724
5741
5670
5729
5779
5820
5923
6515
6155
6567
5801
5801
6926
5925
5955
6379
6237
5817
5685
6883
6143
5802
5770
6955
6204
6476
5882
5755
5858
5739
5661
5648
5882
5647
5930
5629
5615
5681
5713
5632
5769
5654
5641
5777
5622
5752
5654
5637
5665
5780
5686
5848
5630
5607
5663
5815
5651
5789
5707
6349
5687
5816
5671
5806
5623
5656
5630
6292
5740
5864
5656
5659
5810
5763
5625
5639
5752
5654
5700
6554
5759
6491
6983
6680
6972
6587
6756
5911
5522
7207
6550
5818
6475
6463
7153
5855
5542
5800
5761
5837
5702
5819
5658
5627
5617
5854
5681
5818
5725
6330
5935
5932
5873
6401
5801
5849
6373
5695
5792
5707
5700
5626
5875
5615
5908
5688
5605
5668
5842
5702
5740
5734
6535
5704
6407
5901
5628
5811
6386
6314
5839
6417
5634
6354
5705
6353
6897
5651
6034
5739
5928
5770
5981
5827
6073
5893
5828
5917
5672
6031
5811
6064
5669
6271
5720
5634
5827
5793
5679
5641
5644
5698
5641
5613
5604
5673
6100
6502
6852
8735
7236
6235
6336
6311
5944
6135
9208
9863
5967
5837
6737
6446
5783
6182
5692
5707
5739
5685
5677
5672
5985
5725
5651
5684
5619
5636
5643
5642
5690
5762
5693
5689
5626
5684
5680
5669
5642
5649
5650
6598
6150
6017
6288
6121
6125
5763
5552
5885
5713
5729
6106
6051
5905
6152
5995
6087
5978
8082
6979
5808
6014
5986
6111
5729
5959
5816
5959
5729
6099
6015
5856
5879
5747
5912
5647
5892
5682
5671
5694
5916
5661
5604
5658
5916
5647
5650
5656
5954
5671
5617
5676
5645
5678
5638
5617
5621
5631
5681
5714
5613
5647
5700
5679
5708
5704
5698
5691
5675
5689
5723
5711
5657
5709
5692
5679
5675
5667
5713
5638
5702
5729
5665
5728
5730
5673
5666
5707
5668
5705
5673
5674
5686
5709
5680
5695
5736
5755
5708
5701
5696
5661
5678
5669
5673
5673
5675
5669
5629
5656
5661
5638
5627
5657
8353
6525
5856
5730
5697
5681
6073
6031
5645
5651
5615
5671
5664
5652
5633
5652
5657
5616
5622
5626
5633
5629
5633
5620
5651
5595
5587
5987
6000
5985
5956
5955
5958
5976
5922
6009
5990
5947
5977
5947
5999
5957
5983
5971
6002
5980
6029
6050
6022
5992
5961
6048
5991
5979
6030
6007
5981
5957
5954
5999
6004
5979
5933
5606
5619
5604
5596
5632
5605
5568
5635
5651
5563
5625
5630
5600
5626
5634
5612
5634
5645
5604
5619
5636
5621
5581
5588
5595
5692
5810
5790
5699
5698
5687
6245
5666
5652
5752
5758
5809
7253
6141
5847
6530
6710
6654
6948
5948
5898
7375
6012
5810
7250
5885
5746
5745
5748
5690
5648
5666
5713
5657
5639
5652
5667
5692
5746
6405
6985
7076
5911
5697
5725
5702
5687
5631
5614
5636
5660
5602
5755
5700
5746
5760
5755
5720
5784
5795
6955
5886
6874
5709
5713
5676
5650
5663
5683
5710
5660
5634
5643
5648
5617
5648
5652
5634
5621
5626
5635
5672
5674
5648
5704
7033
5829
5625
6289
6319
5661
5655
5657
5717
5654
5652
6705
6101
7066
5767
5717
5727
5722
5708
5682
5772
5710
5771
7148
7079
8657
7030
7213
5730
5661
5792
5737
5694
5667
5694
5690
5706
5664
5662
5679
5644
5674
5665
5675
5665
5677
5663
5640
5648
5680
5691
5670
5687
5655
5643
5615
5609
5658
5671
5652
5637
5649
5702
5738
5919
6912
7943
8787
6797
5866
6862
5956
5719
5662
5709
5704
5693
5701
5668
5691
5664
5629
5672
5659
5626
5638
5652
5671
5621
5641
5615
5647
5646
5663
5721
5717
5694
5683
5725
5726
5742
5685
5675
5702
5720
5717
5684
6322
6393
6360
6435
6384
6382
6367
6452
6398
6458
6444
6408
6249
5637
5638
7280
7341
6307
9117
6728
6436
6552
5821
5735
5733
5653
5698
5724
8238
8411
7036
7007
5725
5751
5732
5685
5689
5701
5679
5618
5685
5802
8103
8181
7494
7017
5893
5862
5707
5727
5748
5721
5695
5731
5670
5712
5676
5653
5676
5670
5710
5668
5738
5619
5616
5641
5643
5654
5650
5624
5633
5631
5601
5627
5634
5601
5600
5614
5602
5597
5638
5675
5745
8089
7058
8003
6970
5832
5705
5658
5636
5657
5638
6502
7493
9295
6074
7002
5729
5688
5677
6205
6100
5608
5668
5652
5638
5687
5631
6002
6977
8017
8347
6976
5762
5615
5763
5736
5698
5702
5826
5667
5708
5635
5690
5700
5651
5661
5647
5669
5641
5663
5662
5712
5650
5667
5683
5674
5743
5668
6148
6069
7068
6672
6049
5715
5748
5725
5723
5721
5775
5690
5710
5782
5720
5751
5792
6984
6655
6134
5800
5685
5750
5645
5676
5741
5650
5686
5716
