11850
11903
12061
11875
11907
11894
11966
11896
12042
11966
11932
12021
12056
12033
12008
11913
12084
11975
11917
11914
12025
11987
11932
12000
12053
12032
12006
11989
11966
11844
11884
12129
12018
11993
12125
11939
11950
12008
11970
12112
13299
13264
13317
13305
13267
13165
12681
11985
11994
11933
11910
12026
11990
11952
12375
11981
12038
12117
12007
11918
11940
11944
11982
11944
11964
12042
12011
11953
12244
12241
11989
11905
11876
12025
12008
12031
11989
12028
12052
12027
11986
11980
12083
11869
11857
11999
11913
11973
12052
11960
12050
11954
12001
11903
12086
12297
12151
11988
11960
12099
13370
12142
11898
11986
12096
12389
12367
12525
11981
12600
12619
12618
12615
12672
12740
12768
12657
12160
11988
12149
12001
12008
12025
12084
12009
12117
12024
12035
12127
12055
12019
12045
11967
12150
11944
11940
11983
11995
11921
12071
12033
12020
11959
12113
12354
12795
12193
11973
12614
12047
11972
11985
11957
11983
11950
12020
11971
12080
12052
12047
12032
12109
12063
12101
12076
12163
12113
11845
12226
12191
12200
12354
12857
12153
12548
12143
12023
11914
11944
12033
12147
12073
12003
12053
12019
12013
12815
11826
11891
11968
11935
11972
11927
11990
11900
11939
12006
11964
11966
11971
11954
11917
11932
12086
12070
12011
11990
11967
12014
12085
12043
12170
12040
12123
12011
11982
11889
11937
12030
11953
11868
11946
11917
11889
11935
11938
12019
12096
12077
11976
12012
11951
11920
11946
12110
12177
12604
12060
11969
11911
11862
11969
11916
12069
11949
12034
12159
12004
12086
12068
11893
11949
12000
11952
12033
11891
11931
12004
11960
12152
11909
11734
12238
12360
11925
11865
11925
12028
11912
11987
12026
12084
12089
12097
12062
11985
11967
12001
12092
11939
11969
12651
13756
12188
12001
12152
12014
11984
12075
12102
12033
12000
12085
12004
12107
12386
12009
12032
11980
11918
11951
11929
11952
11950
11942
11995
12027
11874
11842
12007
12757
12854
12667
12787
12048
11884
11952
11927
11939
11989
11937
12041
12109
12093
12079
11998
12046
12019
11995
12067
11957
11899
11887
11913
11931
11953
11931
11877
11994
12112
12015
11923
12011
11878
11964
11904
12030
11991
11976
11969
11919
11953
11931
12221
13377
13385
13407
13384
13524
17497
12494
12227
14148
12374
12175
12155
12199
12176
12176
12147
12141
12251
12036
12085
12076
12069
12057
11929
11989
12093
12092
12050
12001
12029
12134
12037
12003
11992
11945
12037
12068
12051
12030
12064
12068
11996
11992
12008
11999
11977
11877
11961
11962
12221
11930
11994
11936
12041
11889
11946
11995
11964
11934
11998
12004
11942
11974
11989
11960
11997
11962
11981
11980
12000
11904
11950
11933
12007
12021
12008
12046
12003
12027
12063
12140
12013
12092
11955
11950
11946
12078
12037
12020
12002
11974
12009
12006
12069
11965
11983
12002
11958
11904
11887
11991
11895
11957
11964
11886
12025
11974
12003
12023
12061
11944
11905
12030
12015
12048
12162
12130
12066
12063
12105
12045
12050
12008
12013
11975
12091
12023
12026
12062
12066
11982
12018
12039
12077
11995
11953
11946
11962
11967
12043
12151
12117
12007
12138
12149
12205
12152
12079
11916
11920
11862
11914
11879
11998
11908
11910
11881
11890
11957
12063
11933
11952
11937
11976
11948
12015
11932
11961
11964
11961
11974
11968
11924
12030
12140
12086
12020
11951
11919
12010
11971
11981
12086
12113
12060
12138
12112
12456
12449
12143
12090
12008
12147
12345
12091
12231
12058
12304
12015
12108
12155
11986
12157
12324
12196
12038
12232
12068
12064
12040
12071
12078
12041
12056
12032
12094
12025
11876
11949
11972
11968
11994
11895
11990
11968
11942
12093
11944
12054
12070
12090
12071
11897
11953
11978
11913
11880
11862
11873
11997
11879
11916
12039
11839
11930
11829
11965
11994
11945
11913
11931
11991
12063
12043
12073
11940
11889
12006
11983
12070
12076
12008
11953
11954
12003
11929
12033
12091
12064
12054
11902
11945
12062
11955
11844
11868
11883
11858
11860
11888
11828
11888
12812
12797
12855
12887
12938
12919
12884
12004
12041
11977
11996
12036
12085
12026
12010
12006
12004
12074
12048
11991
11922
12101
12376
12019
12035
11945
11916
11937
11947
11954
11910
12044
11949
12073
11989
11963
12015
12080
12101
12079
12020
12129
11980
11975
12106
12016
12030
11995
11950
11980
11927
11921
11992
11927
12037
11969
11976
12037
11980
12008
11996
12071
12000
12019
12095
12058
12041
12068
12061
12103
11881
11843
11830
11985
11996
11923
11904
11950
11945
11902
11925
11916
11873
11927
11908
11894
12033
12053
11976
12061
11989
12228
12467
12072
12082
12114
12095
11907
11877
11925
11932
11862
11961
12039
12022
12024
11990
12000
12190
11992
12007
11962
11938
12002
12063
12011
12071
12034
11999
12004
11943
12042
11995
11946
12079
12084
12214
12227
12145
12063
11983
12104
12048
11992
12007
12077
11974
11999
12059
12048
12090
12138
12049
12110
12076
12066
12018
12117
12129
12074
12012
12050
11997
12098
12056
11932
11927
11952
11895
11888
11937
12049
11913
11999
11938
11907
12020
11896
11914
11965
11925
12160
12091
11997
12049
12130
12179
12102
12123
12065
12180
12039
12016
12003
11954
11948
11909
11881
11918
11961
12045
11971
12015
12080
12020
12075
12019
12187
11930
11845
11954
11934
12025
11980
11977
11992
12138
12038
12049
12116
12014
12071
12069
12027
12153
12160
12111
12127
12065
12023
12109
12092
11963
12045
12036
11949
11930
11946
11985
11988
12023
12006
12066
11928
12043
12028
12018
11967
12029
11989
12050
12058
11967
11988
11984
11975
11866
11928
11971
11989
12047
12086
11974
12002
12007
11963
11862
12020
12067
11990
12054
12038
11974
12013
12011
11918
11945
12130
12042
12021
12146
12099
12132
12187
12187
12212
12127
12120
12369
12074
11999
12038
11902
11906
12091
12027
12030
11910
11971
11970
11901
11970
11931
11973
12082
12025
12019
12059
12022
12028
11953
12023
11949
12071
12037
11973
12063
12095
12130
12091
12071
12100
12103
12066
12052
12063
12068
11967
11998
12091
12021
12018
12007
12030
12029
12070
12093
11998
12070
12009
11994
12037
12025
12012
11962
13095
13113
12928
12928
12950
13013
13024
13149
13187
13110
13114
13104
13143
13109
12977
12986
13026
13077
13023
12981
12966
13028
13029
13023
12996
12985
11928
11893
11900
