4862
4819
4825
4787
4830
4830
4830
4800
4823
4950
5016
5154
5341
5532
5589
5026
5042
4984
5867
7673
5093
4929
5639
5088
5525
5060
5522
5095
5668
5332
5470
5058
5487
4993
4937
4914
5025
4856
4877
4879
4879
4880
4915
4974
4933
4905
4911
4847
5059
4905
4895
4860
5335
5016
4952
4836
4852
4824
4865
4844
4826
4995
4901
4833
4833
4837
4839
4844
5033
4926
4891
4913
4974
5001
4824
4863
4849
4833
4842
5126
4877
4876
4845
4891
4847
4883
4988
4821
4852
4854
4841
4859
4887
5057
4882
4783
4867
4880
4801
4838
4938
4857
4869
4849
4874
4934
4860
4845
4819
4835
4793
5035
4974
4778
4786
4886
4887
4862
5157
4947
4880
4788
4743
4830
4833
5034
4851
4852
4867
4851
5122
4902
5057
5083
5108
5222
5106
4849
4825
4850
4839
4850
4837
5149
4895
4833
4820
4836
4854
4881
5060
4774
4825
4846
4834
5007
4854
4843
4862
4840
4849
5010
4922
4890
4831
4889
4847
4893
5034
4867
4834
4826
4875
4820
4851
5249
5164
4782
4813
4866
5059
4865
4849
4840
4848
4809
4884
4938
5006
4892
5126
5072
5028
4999
4948
5143
4925
4849
4893
5152
4918
4919
4954
4923
5129
4895
5005
4901
5072
4969
4911
4950
5001
5171
4943
4901
4903
5214
4967
4893
4906
4919
5087
4976
5079
4878
5158
4907
4890
4893
4921
4996
4853
4828
4894
4900
5108
4850
4837
4900
4886
4889
5011
4884
4810
4886
4859
4852
4856
5003
4896
4891
4887
4892
4882
5002
4850
4913
4850
4858
5004
5073
4971
4827
4820
4825
4818
5048
4809
4850
4868
4900
4929
4870
4997
4788
4821
4859
4868
4864
4970
4864
4852
4880
4857
4793
4881
5011
4829
4814
4835
4843
4821
4845
4987
4925
4853
4857
4896
5097
4868
4708
4782
4850
4837
4863
4932
4852
4859
4829
5036
5355
5382
4812
4814
4855
4851
5033
4813
4845
4846
4844
4853
4915
4842
4854
4858
4868
4872
4865
4966
4851
4845
4858
4837
4801
4829
5002
4857
4919
4934
4930
4930
4897
5032
4823
4850
4899
4853
5031
4827
4795
4813
4812
4835
4832
4893
4836
4824
4806
4830
5254
4983
4850
4840
4881
4920
4872
4922
5092
5091
4737
4719
4783
4960
4891
4935
5291
5293
5331
4955
4828
4819
4820
4824
4919
4862
5034
4945
4925
4955
4997
4898
4890
4999
4909
4861
4900
4915
4871
4993
4911
4868
4825
4866
4849
4859
5133
4927
4944
4925
4917
5060
4860
4865
4858
4848
4886
4868
4896
4865
4851
4880
4850
4845
4864
4980
4844
4859
4849
4976
4865
4830
4848
4828
4843
4828
5068
4856
4825
4847
4822
4853
4855
4985
4893
5243
4836
4869
4812
4863
5018
4910
4950
4860
5006
4964
4846
4866
4900
4888
4925
4991
4902
4880
4946
4927
4906
4915
5071
4750
5241
4853
4849
4879
5036
4815
4846
4818
4829
4810
4802
4992
4803
4798
4817
4839
5027
4774
4869
4842
4841
4830
4988
4814
4868
4850
4850
4827
4832
5001
4841
4858
4886
4858
5017
4839
4828
4849
4826
4817
4861
5022
4901
4913
4841
4909
4901
4901
4959
4916
4854
4846
4837
4819
4935
4882
4863
4831
4873
4865
4787
4957
4844
4846
4838
4908
4976
4816
4820
4826
4831
4810
4840
4844
4820
4828
4833
4813
4817
4814
5137
4770
4712
4821
4852
4855
4989
4979
4730
4773
4831
5197
4834
4853
4838
4839
4858
4868
4953
4774
4821
4807
4831
4889
4791
4989
4803
4846
4831
4838
4848
4889
4948
4837
4799
4852
4789
4982
4832
4934
4883
4849
4829
5041
4822
4749
4838
4841
4839
4852
4975
4823
4823
4858
4817
4841
4891
5007
4819
4856
4818
4852
5088
4775
4773
4797
4884
4912
5062
4904
4736
4798
4825
4853
4831
4960
4833
4834
4846
4824
4796
4829
4943
4851
4831
4794
4886
5023
4808
4740
4783
4864
4830
4955
4885
4886
4841
4795
4875
4818
5015
4872
4845
4906
4865
4831
4917
4975
4885
4859
4866
4863
4875
4836
4997
4814
4795
5395
4824
4856
4987
4846
4831
4788
4849
4963
4922
4886
5233
5196
5234
4807
5010
4852
4853
4842
4842
5071
4769
4838
4855
4929
4957
5067
4780
4806
5141
4948
5094
4862
4959
4880
4860
4873
4900
4904
5020
4849
4799
4851
4845
4849
4824
4970
4838
4796
4870
4849
5046
4831
4762
4852
4863
4848
4820
5075
5146
5153
4847
4843
4885
4984
4802
4821
4819
4834
4835
4826
4936
4827
4815
4804
4811
4786
4822
4980
4913
4860
4911
4872
4974
4835
4822
4870
4850
4820
4913
5056
4744
4712
4804
4840
4833
4964
4852
4803
4815
4816
4863
4923
4851
4828
4836
4832
4827
4932
4798
4846
4833
4858
4852
4787
5086
4835
4729
4856
4824
4860
4887
4983
4841
4846
4851
4804
4847
4936
4866
4789
4817
4829
4959
4874
4805
4837
4793
4852
4792
4939
4850
4808
4813
4855
4819
4808
5213
4995
4832
4883
4816
4820
4846
4983
4768
5059
5052
4969
5169
5152
5155
5141
5193
5202
4993
4801
4828
4809
4829
4868
4926
4785
4826
4840
4822
4778
4863
4969
4882
4769
4798
4821
4828
4809
4937
4861
4867
4829
4873
4916
4814
4846
4829
4807
4815
4866
4948
4881
4857
4843
4901
4862
5071
5004
4834
4699
4804
4950
5406
5402
5452
5422
5416
5313
4815
4838
4823
4834
4827
4837
5002
4870
4785
4823
4851
4849
4802
5002
4867
4945
4926
4920
5242
5381
4804
4789
4792
4831
5080
4825
4747
4862
4804
4837
4845
5001
4869
4788
4832
4860
4884
4855
4961
4848
4845
4832
4836
4843
4861
5045
4762
4802
4866
5010
4833
4841
4870
4870
4872
4920
5285
4915
4751
4739
4787
4823
4978
5039
4839
4795
4823
4841
4868
4833
5107
4736
4763
4827
4889
4934
4839
4835
4861
4844
4830
4942
4769
4817
4859
4829
4825
4844
5049
4798
4822
4836
4807
4816
4800
4906
4815
4828
4830
4801
5049
4800
4809
4849
4853
4885
4998
4857
4830
4841
4850
4819
4868
5096
5207
4813
4848
