5128
4461
4450
4714
4759
4472
4434
4445
5641
6403
4377
4266
4410
4348
4277
4509
4268
4268
4288
4312
4370
4206
4236
4219
4218
4387
4218
4234
4285
4220
4497
4920
4713
4662
4636
4583
4188
4216
4208
4428
4676
4399
4137
4090
4139
4484
4203
4187
4883
4750
4485
4239
4210
4216
4216
4397
4204
4194
4215
4244
4218
4480
4202
4132
4206
4248
4255
4201
4222
6909
5014
4331
4293
4331
4272
4394
7274
4391
4374
4370
4318
4291
4505
4375
4304
4325
4322
4341
4350
4294
4339
4386
4359
4496
4280
4234
4259
4205
4226
4249
4227
4244
4239
4444
4279
4214
4237
4269
4232
4239
4241
4244
4237
4236
4224
4248
4625
7085
4396
4219
4290
4272
4271
4286
4228
4275
4247
4232
4277
4226
4243
4234
4251
4242
4224
4285
4196
4256
4225
4256
4219
4236
4253
4218
4239
4192
4270
4203
4214
4228
4212
4241
4256
4228
4205
4233
4201
4220
4193
4205
4229
4202
4237
4246
4211
4229
4194
5299
6661
4404
4258
4312
4345
4294
4276
4286
4299
4275
4269
4250
4237
4244
4250
4245
4267
4253
4297
4271
4230
4228
4257
4232
4254
4496
4231
4201
4249
4242
4237
4232
4239
4224
4237
4236
4218
4209
4204
4219
4213
4193
4218
4220
4188
4222
4209
4199
4206
4183
4188
4185
4187
4171
4197
4204
4150
4182
4190
4210
4196
4421
4495
4438
4343
6366
5531
4320
4246
4343
4288
4315
4286
4257
4236
4217
4338
4316
4649
4699
4243
4223
4219
4180
4422
4246
4206
4216
4227
4235
4245
4273
4511
4210
4232
4229
4256
4378
4245
4221
4359
4202
4201
4204
4195
4415
4233
4330
4412
4214
4200
4225
4224
4368
4193
4211
4189
4191
4220
4304
4214
4236
4247
4212
4186
4215
4446
4216
4199
4215
4209
4208
4222
4251
4295
4226
4251
4244
4218
4215
4229
4269
4423
4168
4124
4185
4195
4361
4218
4210
4188
4196
4199
4218
4354
4253
4180
4188
4223
4172
4224
4221
4333
4243
4208
4208
4226
4215
4217
4245
4346
4282
4213
4240
4247
4225
4402
4255
4196
4225
4212
4219
4183
4357
4215
4247
4204
4209
4213
4243
4214
4320
4221
4233
4232
4236
4218
4205
4245
4393
4178
4251
4208
4228
4197
4242
4174
4335
4248
4225
4235
4715
4287
4234
4212
4169
4232
4186
4295
4313
4375
4244
4202
4181
4313
4212
4184
4271
4333
4217
4226
4196
4211
4219
4255
4280
4326
4214
4202
4222
4192
4390
4300
4194
4212
4193
4197
4218
4201
4396
4272
4220
4199
4221
4253
4281
4266
4441
4244
4220
4223
4207
4212
4225
4385
4246
4248
4206
4216
4225
4547
4321
4587
4208
4201
4259
4308
4479
4396
4360
4295
4303
4293
4289
4303
4401
4341
4265
4255
4213
4248
4231
4274
4388
4335
4227
4227
4212
4410
4336
4168
4222
4196
4244
4245
4240
4382
4202
4233
4228
4251
4241
4203
4227
4392
4435
4222
4222
4230
4240
4235
4352
4213
4226
4200
4217
4207
4193
4186
4645
4500
4268
4174
4211
4358
4223
4215
4228
4204
4201
4234
4235
4336
4313
4230
4228
4221
4232
4240
4319
4350
4206
4211
4336
4239
4304
4250
4268
4246
4302
4249
4202
4227
4374
4264
4212
4215
4236
4257
4306
4228
4419
4500
4490
4515
4499
4517
4482
4576
4209
4205
4214
4258
4351
4268
4276
4200
4257
4255
4233
4257
4482
4262
4305
4233
4255
4273
4256
4260
4415
4336
4229
4199
4227
4207
4202
4859
4625
4427
4476
4258
4608
4908
4195
4535
4237
4626
4306
4165
4563
4352
4663
4463
4690
4135
4250
4299
4596
4229
4235
4229
4222
4287
4222
4324
4248
4236
4207
4227
4230
4248
4220
4347
4229
4519
4530
4517
4582
4168
4191
4175
4185
4214
4187
4485
4451
4182
4192
4195
4193
4174
4184
4186
4329
4226
4212
4218
4217
4317
4425
4408
4133
4129
4377
4219
4224
4384
4218
4423
4240
4329
4217
4225
4221
4411
4409
4894
4886
4537
4166
4218
4359
4202
4334
4235
4224
4368
4139
4222
4407
4216
4372
4255
4212
4421
4236
4472
4217
4225
4370
4249
4215
4413
4255
4218
4220
4260
4203
4196
4227
4481
4201
4207
4188
4200
4380
4354
4182
4142
4228
4236
4233
4249
4325
4201
4197
4195
4441
4219
4244
4253
4327
4222
4231
4221
4658
4308
4184
4809
4250
4492
4228
4197
4564
4282
4225
4707
4248
4637
4230
4261
4588
4192
4617
4148
4507
4658
4498
4223
4443
4176
4234
4206
4505
4333
4219
4311
4197
4217
4208
4187
4199
4319
4251
4244
4262
4331
4297
4233
4253
4297
4473
8496
4822
4828
4516
6363
7301
6027
4544
4395
4308
5994
4853
4405
4399
4754
4375
4747
4334
4288
4642
4253
4293
4256
4215
4250
4258
4236
4276
4300
4226
4270
4504
4296
4258
4258
4381
4239
4395
4225
4259
4204
4271
4215
4212
4283
4208
4210
4303
4303
4314
4279
4236
4265
5987
4428
4281
4275
4285
4258
4287
4256
4227
4306
4217
4257
4264
4242
4273
4199
4215
4218
4220
4278
4229
4246
4248
4509
4236
5982
4544
4278
4205
4221
4296
4304
4255
4219
4230
4202
4262
4247
4216
4204
4239
4255
4220
4245
4199
4207
4232
4197
4246
4229
4230
4210
4208
4276
4297
4352
4416
4220
4224
5040
4409
4513
4417
4273
4699
4287
4275
4336
4300
4914
4344
4667
4350
4288
4336
4272
4373
4788
4534
4472
4217
4311
4283
4260
5333
4435
4305
4257
4297
5658
5451
4724
4331
5026
4785
4585
4637
4243
4225
4483
4480
4553
4262
4625
4292
4267
4300
4270
4217
4269
4324
4227
4233
4235
4254
4223
4225
4237
5184
5168
4250
4217
4277
4259
4231
4241
4188
4245
4238
4271
4191
4261
4227
4247
4201
4216
4222
4256
4201
4220
4209
4201
4220
4274
4232
4220
4204
4229
4205
4220
4234
4233
4229
4207
4254
4233
4300
4215
4209
4208
4201
4208
4204
4204
4199
4359
6004
4382
4212
4207
4315
4207
4236
4553
4291
4697
4333
4260
4482
4254
4246
4232
4261
4232
4197
4196
4218
