4644
4579
4498
4547
4608
4598
4587
4613
4625
4568
4623
4588
4597
4644
4548
4595
4641
4644
4626
4631
4679
4681
4614
4621
4612
4574
4566
4570
4547
4597
4567
4573
4565
4574
4567
4596
4572
4591
4560
4564
4535
4577
4565
6604
4622
5275
5926
4913
5829
4843
4611
4605
4595
4592
4582
4581
4653
4590
4588
4649
4622
4576
4653
4786
6514
5201
5034
5901
4955
5889
4843
4589
4555
4566
4552
4545
4620
4636
4573
4576
4609
4588
5786
5889
4709
4645
4682
5906
4767
5745
4528
4576
4587
4631
4682
4634
4617
4603
4635
4645
4656
4656
4659
4661
4684
5340
5241
5702
4736
4657
4653
4610
4649
4587
4634
4580
4583
4579
4600
4587
4611
4571
4609
4570
4565
4617
4594
4564
4564
4572
4588
4588
4537
4559
4520
4559
4585
4551
4571
4593
4520
4587
4524
4539
4543
4551
4555
4556
4556
4593
4540
4540
4541
4906
4992
4960
5006
4986
4935
4947
4972
4919
4964
4946
4911
4896
4955
4952
4976
4644
4537
4559
4577
4553
4561
4550
4580
4549
4603
4549
4503
4601
4587
4536
4567
4585
4559
4551
4560
4545
4562
4587
4545
4547
4568
4553
4564
4554
4585
4533
4585
4539
4551
4572
4525
4542
4547
4523
4526
4535
4738
4540
4626
5915
4611
4583
4595
4566
4612
4554
4574
4570
4597
4562
4578
4556
4589
4541
4567
4507
4568
4548
4576
4586
4590
4548
4563
4550
4551
4582
4598
4537
4550
4557
4565
4571
4557
4547
4526
4547
4550
4595
4526
4542
4561
4563
4542
4612
4563
4557
4545
4529
4507
4566
4549
4572
4528
4550
4542
4540
4564
4538
4583
4578
4501
4561
4561
4578
4532
4562
4549
4545
4547
4546
4546
4543
4582
4564
4538
4576
4539
4597
4553
4558
4535
4546
4574
4576
4577
4574
4564
4526
4555
4560
4561
4561
4558
4548
4512
4567
4492
4545
4589
4578
4532
4570
4520
4519
4564
4748
4547
4522
4540
4532
4578
4588
4561
4544
4540
4529
4552
4551
4573
4537
4522
4525
4513
4542
4481
4582
4586
4569
4579
4560
4588
4570
4574
4548
4544
4584
4561
4591
4558
4586
4539
4543
4527
4543
4530
4491
4532
4549
4531
4556
4529
4526
4542
4555
4552
4532
4548
4568
4519
4564
4548
4519
4563
4544
4543
4583
4549
4570
4587
4552
4506
4529
4554
4534
4560
4530
4503
4561
4517
4550
4547
4577
4527
4573
4518
4594
4527
5466
7975
8188
8359
7417
4801
4558
4559
4620
4544
4623
4584
4611
4617
4594
4570
4529
4553
4520
4555
4556
4538
4564
4558
4597
4822
4506
4510
4564
4561
4565
4588
4606
4590
4538
4587
4565
4562
4598
4589
4581
4538
4561
4536
4596
4568
4602
4566
4592
4532
4509
4531
4518
4548
4482
4519
4545
4541
4511
4547
4553
4521
4505
4599
4558
4536
4520
4564
4541
4578
4570
4593
4659
4577
4523
4588
4536
4511
4561
4590
4581
4577
4569
4657
4556
4560
4517
4545
4558
4556
4506
4529
4530
4599
4565
4517
4526
4580
4558
4543
4539
4553
4559
4532
4544
4543
4571
4530
4549
4517
4551
4544
4533
4525
4542
4551
4519
4537
4526
4528
4564
4509
4534
4532
4557
4566
4505
4563
4540
4521
4533
4581
4556
4551
4709
4769
4563
4493
4488
4539
4580
4570
4559
4549
4559
4545
4550
4562
4559
4570
4579
4561
4592
4544
4565
4595
4622
4585
4598
4570
4566
4579
4604
4642
4554
4571
4624
4582
4647
4528
4543
4551
4538
4581
4565
4556
4506
4558
4519
4577
4530
4549
4558
4507
4541
4502
4517
4569
4541
4540
4543
4549
4531
4576
4559
4527
4545
4584
4569
4553
4557
4572
4597
4557
4567
4536
4539
4557
4560
4534
4515
4587
4541
4568
4564
4531
4519
4543
4534
4529
4509
4555
4497
4588
4536
4625
4556
4548
4574
4522
4584
4546
4563
4585
4568
4552
4547
4564
4565
4552
4548
4598
4551
4526
4720
4546
4643
4599
4560
4615
4627
4627
4595
4642
4605
4622
4611
4621
4639
4632
4638
4581
4595
4573
4575
4560
4624
4575
4575
4619
4555
4555
4570
4571
4552
4595
4562
4587
4556
4599
4577
4555
4585
4577
4595
4531
4571
4553
4601
4572
4598
4544
4541
4530
4558
4515
4533
4546
4535
4598
4540
4515
4566
4570
4563
4559
4546
4588
4536
4550
4523
4572
4572
4549
4583
4503
4562
4539
4572
4535
4568
4583
4563
4536
4577
4525
4560
4580
4554
4566
4596
4529
4541
4570
4593
4570
4584
4586
4574
4578
4566
4536
4518
4583
4561
4591
4557
4565
4550
4559
4553
4557
4535
4742
4650
4507
4472
4516
4527
4550
4555
4506
4549
4525
4557
4521
4553
4542
4534
4562
4561
4553
4542
4518
4503
4535
4514
4549
4553
4551
4511
4562
4538
4519
4532
4521
4556
4566
4593
4560
4543
4592
4537
4582
4554
4499
4541
4552
4587
4582
4521
4575
4547
4553
4543
4531
4508
4581
4566
4525
4542
4535
4514
4496
4503
4536
4483
4536
4500
4505
4534
4552
4554
4537
4498
4531
4556
4496
4510
4526
4542
4479
4535
4555
4464
4513
4526
4490
4603
4610
4620
4597
4572
4558
4502
4522
4527
4557
4511
4525
4532
4546
4500
4526
4511
4540
4536
4548
4539
4532
4558
4484
4515
4730
4641
4480
4490
4577
4532
4550
4523
4519
4508
4491
4542
4518
4525
4539
4505
4537
4516
4539
4543
4530
4562
4519
4537
4522
4570
4608
4565
4608
4583
4633
4541
4587
4589
4574
4550
4581
4602
4556
4560
4591
4574
4585
4587
4598
4619
4610
4633
4595
4581
4541
4556
4560
4555
4573
4562
4591
4590
4522
4574
4524
4516
4584
4539
4554
4585
4556
4567
4538
4550
4564
4541
4578
4561
4562
4537
4553
4554
4643
4535
4556
4528
4535
4553
4523
4550
4582
4521
4546
4553
4581
4549
4547
4592
4593
4551
4606
4612
5019
4594
4976
4557
4557
4821
4848
4757
4818
4814
4770
4753
4849
4776
4793
4831
4788
4809
4810
4770
4757
4787
4808
4790
4815
4811
4896
5237
5258
5256
5229
5259
5086
4583
4557
4571
4511
4562
