5189
5219
5264
5350
5414
5543
5296
5836
5783
5754
5744
5799
5781
5791
5788
5792
5838
5758
5827
5774
5790
5766
5785
5831
5818
5811
5837
5708
5268
5260
5265
5305
5815
5847
5895
5901
6064
5560
5293
5645
5281
5320
5300
5287
5261
5312
5297
5318
5325
5347
5348
5327
5358
5392
5380
5371
5332
5346
5364
5425
5783
5785
5480
5580
5900
5663
5678
5675
5624
5548
5638
5659
5642
5711
5693
5716
6052
5647
5561
5437
5691
5672
5654
5650
5658
5664
5682
5688
5660
5679
5658
5768
5700
5302
5289
5563
5607
5586
5792
6013
5951
5961
5558
5304
5281
5310
5305
5277
5304
5260
5270
5290
5315
5323
5290
5283
5261
5334
5268
5290
5267
5254
5279
5273
5267
5271
5250
5276
5308
5298
5288
5281
5298
5265
5275
5265
5277
5298
5307
5262
5273
5319
5281
5252
5296
5299
5254
5316
5282
5288
5309
5311
5269
5357
5317
5311
5271
5253
5311
5298
5323
5342
5370
5306
5295
5329
5332
5304
5289
5279
5293
5317
5323
5314
5365
5308
5271
5269
5240
5212
5262
5247
5263
5267
5227
5273
5227
5231
5237
5244
5280
5228
5274
5298
5282
5242
5222
5292
5248
5272
5264
5246
5213
5298
5219
5256
5263
5260
5213
5237
5264
5238
5239
5291
5278
5233
5262
5209
5315
5266
5247
5265
5236
5271
5278
5274
5237
5262
5253
5310
5268
5303
5275
5302
5299
5306
5267
5296
5358
5308
5300
5339
5429
5355
5384
5332
5360
5337
5371
5363
5356
5343
5311
5353
5335
5325
5347
5384
5348
5349
5368
5367
5342
5381
5352
5345
5368
5383
5337
5352
5430
5331
5397
5389
5377
5345
5361
5343
5387
5362
5333
5338
5317
5352
5341
5341
5376
5370
5352
5334
5339
5386
5375
5366
5366
5327
5317
5322
5316
5344
5299
5323
5313
5343
5288
5346
5242
5290
5272
5300
5328
5265
5320
5269
5241
5231
5256
5226
5304
5221
5265
5284
5297
5312
5285
5314
5278
5333
5367
5301
5414
5365
5372
6443
5381
5699
5537
5351
5625
5379
5339
5336
5309
5641
5335
5672
5298
5332
5283
5698
5349
5631
5354
5389
5397
5744
5450
5880
5354
5478
5363
5730
5453
5794
5316
5364
5347
5610
5350
5641
5244
5277
5322
5648
5372
5707
5379
5337
5311
5642
5376
5643
5265
5293
5273
5608
5339
5905
5409
5364
5321
5619
5316
5651
5291
5303
5265
5299
5713
5543
5274
5312
5322
5267
5819
5347
5626
5305
5277
5305
5691
5663
5926
5484
5539
5495
5724
5564
5892
5510
5508
5479
6727
5527
5766
5383
5400
5338
5775
5689
5407
5382
5406
5560
5528
5343
5678
5314
5385
5342
6401
5638
5691
5431
5367
5645
5645
5683
5378
5340
5306
5281
5664
5400
5681
5381
5386
5345
5798
5426
5529
5282
5453
5359
5669
5344
5623
5273
5312
5321
5614
5301
5597
5362
5299
5319
5658
5362
5550
5335
5247
5283
5291
5305
5301
5324
5333
5345
5260
5317
5281
5279
5300
5261
5247
5254
5265
5348
5284
5289
5289
5310
5265
5270
5296
5289
5250
5280
5243
5201
5276
5357
5420
5286
5230
5304
5316
5317
5293
5292
5312
5248
5289
5310
5240
5301
5263
5237
5272
5227
5261
5327
5299
5277
5261
5291
5236
5262
5297
5287
5324
5825
5388
5263
5193
5294
5291
5287
5253
5409
5394
5248
5191
5230
5266
5215
5271
5235
5222
5184
5254
5247
5255
5261
5274
5246
5254
5313
5231
5270
5311
5237
5257
5269
5226
5215
5210
5227
5224
5166
5245
5235
5223
5228
5187
5189
5237
5188
5226
5197
5273
5215
5204
5250
5216
5257
5208
5253
5225
5263
5286
5258
5287
5242
5241
5250
5277
5379
5307
5285
5284
5275
5228
5324
5286
5332
5297
7183
5366
5362
5410
5319
5347
5350
5381
5367
5311
5274
5306
5314
5321
5298
5307
5289
5304
5286
5371
5284
5290
5355
5310
5326
5311
5349
5355
5342
5275
5333
5362
5319
5312
5349
5335
5301
5332
5328
5292
5351
5264
5318
5283
5324
5394
5433
5221
5233
5256
5292
5251
5232
5239
5285
5274
5277
5282
5423
5454
5471
7668
5713
5384
5511
5383
5409
7003
8857
8177
6161
6259
9766
5499
5299
5322
5592
5401
5307
5308
5426
5332
5321
5312
5447
5351
5435
5621
5274
5361
5448
5296
5286
5318
5394
5350
5322
5324
5312
5306
5316
5311
5381
5589
5411
5306
5388
7309
5515
5403
5420
5403
5511
5394
5360
5346
5309
5294
6036
5419
5314
5320
5303
5343
5319
5317
5321
5364
5322
5314
5318
5283
5297
5354
5264
5316
5395
5421
5318
5278
5336
5271
5264
5322
5322
5281
5296
5276
5396
5275
5232
5235
5264
5198
5257
5236
5261
5288
5282
5281
5304
5318
5312
5277
5299
5316
5403
5512
5300
5300
5348
6744
5397
5380
5413
5366
5326
5305
5313
5266
5266
5260
5261
5283
5279
5235
5269
5972
5996
6175
5392
5315
5294
5312
5263
5316
5303
5312
5265
5290
5304
5288
5296
5298
5298
5252
5323
5304
5251
5314
5374
5277
5232
5263
5263
5332
5305
5328
5413
5509
5476
5563
5943
5627
5753
5514
6579
6112
6139
6002
5840
5405
5906
5404
5368
5375
5457
5380
5434
5307
5291
5309
5280
5297
5314
5307
5348
5334
5322
5323
5300
5299
5297
5305
5286
5364
5350
5284
5451
5322
5258
5330
5254
6588
5668
6010
5339
5345
5299
5289
5348
5289
5287
5335
5317
5367
5354
5353
5348
5472
5357
5563
5303
5426
5368
5320
5408
5308
6476
5474
5357
5332
5382
5362
5352
5369
5336
5360
5371
5377
5358
5372
5331
5314
5310
5241
5258
5292
5288
5295
5275
5299
5420
5274
5296
5306
5329
5329
5302
5308
5315
5291
5321
5241
5329
5318
5317
5302
5282
5330
5265
5332
5333
5330
5309
5224
5275
6900
5578
5326
5311
5260
5300
5431
5349
5619
5303
5354
5327
5484
5339
5301
5256
5336
5231
5288
5292
5363
5326
5258
5259
5302
5292
5275
5296
5242
5279
5268
5222
5256
5246
5204
5314
5319
5247
5238
5276
5224
5249
5473
5238
5277
5322
