3619
3855
3851
3862
4202
4172
4215
4209
4185
4195
4217
4167
4186
3996
3624
3570
3576
3621
3638
3633
3636
3613
3586
3588
3594
3637
3655
3667
3675
3667
3673
3650
3662
3641
3654
3658
3649
3635
3602
3622
3630
3640
3601
3605
3615
3655
3646
3621
3655
3628
3587
3660
3589
3640
3626
3628
3634
3655
3637
3615
3598
3639
3634
3626
3659
3647
3614
3639
3643
3590
3635
3631
3601
3647
3635
3588
3586
3607
3579
3600
3610
3625
3626
3558
3623
3611
3613
3580
3649
3623
3612
3623
3650
3620
3610
3643
3638
3633
3625
3581
3633
3642
3624
3606
3598
3570
3598
3594
3544
3618
3605
3611
3572
3598
3590
3572
3586
3613
3600
3594
3584
3566
3582
3597
3583
3546
3610
3608
3570
3540
3555
3598
3568
3591
3599
3586
3593
3615
3526
3584
3597
3587
3581
3668
3646
3576
3576
3587
3610
3570
3590
3574
3574
3623
3639
3606
3592
3595
3547
3588
3564
3581
3541
3587
3604
3565
3587
3573
3550
3582
3575
3579
3558
3584
3576
3596
3597
3580
3560
3600
3572
3591
3565
3587
3582
3584
3530
3580
3560
3539
3591
3591
3575
3593
3606
3590
3584
3566
3573
3601
3608
3610
3581
3541
3570
3582
3614
3540
3580
3619
3614
3624
3597
3572
3583
3582
3620
3548
3566
3597
3547
3593
3594
3579
3556
3606
3579
3549
3590
3523
3556
3560
3575
3553
3560
3544
3601
3564
3595
3562
3577
3608
3565
3608
3591
3622
3598
3588
3555
3608
3610
3609
3590
3542
3623
3618
3605
3566
3549
3598
3619
3634
3679
3610
3659
3768
3848
3598
3745
3544
3590
3667
3612
3564
3586
3606
3598
3591
3603
3614
3593
3585
3637
3582
3603
3584
3582
3628
3610
3573
3588
3601
3614
3607
3839
3855
3764
3579
3567
3630
3599
3574
3633
3625
3630
3844
3831
3798
3875
3846
3866
3818
3849
3857
3859
3830
3832
3812
3853
3825
3865
3872
3827
3835
3870
3921
3852
3841
3848
3831
3868
3645
3597
3873
3671
3560
3620
3620
3604
3626
3597
3592
3627
4065
3950
3598
3697
3562
3657
3596
3568
3590
3631
3538
3581
3537
3539
3584
3586
3560
3598
3616
3625
3610
3645
3590
3582
3606
3587
3603
3627
3626
3580
3611
3579
3580
3606
3786
3801
3813
3834
3835
3839
3829
3856
3796
3840
3802
3803
3852
3836
4055
4009
4065
4039
4062
3996
4053
4055
4019
4025
4062
4021
3823
3618
3608
3551
3746
3760
3607
3586
3853
3816
3831
3841
3877
3815
3828
3866
3831
3800
3818
3770
4068
4175
3865
3569
3577
3665
3593
3619
3633
3600
3589
3577
3622
3597
3565
3592
3571
3587
3603
3586
3593
3593
3559
3575
3594
3606
3556
3578
3613
3589
3582
3599
3590
3641
3592
3563
3590
3582
3609
3609
3567
3578
3582
3574
3548
3566
3593
3598
3606
3549
3570
3553
3575
3592
3602
3598
3582
3591
3599
3543
3559
3590
3596
3598
3552
3596
3595
3541
3594
3592
3542
3582
3565
3535
3601
3587
3592
3591
3605
3580
3588
3612
3600
3551
3592
3578
3560
3571
3598
3566
3591
3576
3582
3581
3566
3604
3610
3608
3588
3614
3605
3590
3593
3582
3597
3547
3567
3588
3572
3574
3557
3564
3553
3558
3613
3559
3597
3610
3623
3599
3575
3625
3625
3594
3595
3609
3601
3616
3579
3578
3552
3606
3561
3545
3590
3595
3573
3543
3627
3633
3629
3646
3644
3592
3633
3609
3638
3619
3590
3591
3618
3613
3644
3630
3602
3615
3632
3635
3659
3649
3681
3611
3633
3627
3647
3630
3612
3656
3639
3621
3636
3646
3619
3659
3629
3626
3665
3606
3651
3654
3617
3618
3606
3597
3613
3630
3617
3617
3618
3606
3625
3614
3609
3588
3601
3603
3623
3589
3603
3610
3576
3605
3587
3588
3610
3607
3597
3624
3533
3605
3612
3601
3569
3626
3613
3586
3634
3638
3577
3622
3649
3582
3575
3627
3577
3602
3573
3570
3581
3612
3632
3592
3599
3631
3619
3571
3623
3618
3610
3596
3607
3569
3582
3612
3621
3619
3641
3619
3638
3649
3646
3623
3613
3603
3632
3576
3621
3597
3613
3651
3590
3633
3571
3551
3612
3557
3560
3569
3558
3589
3623
3606
3628
3566
3614
3595
3588
3614
3623
3574
3595
3590
3563
3574
3609
3557
3566
3595
3566
3574
3584
3586
3568
3614
3544
3590
3569
3569
3596
3560
3586
3583
3574
3610
3611
3584
3609
3550
3586
3560
3618
3583
3610
3581
3619
3571
3567
3573
3554
3625
3615
3609
3627
3637
3620
3560
3593
3589
3533
3570
3569
3533
3581
3549
3583
3603
3563
3573
3562
3579
3588
3555
3575
3580
3575
3608
3599
3552
3579
3621
3628
3581
3595
3601
3611
3599
3572
3562
3592
3564
3578
3535
3586
3601
3581
3578
3590
3576
3540
3613
3558
3577
3585
3616
3602
3565
3590
3605
3618
3600
3595
3614
3564
3561
3597
3609
3554
3545
3573
3559
3553
3565
3530
3557
3525
3590
3582
3556
3552
3586
3597
3556
3606
3543
3543
3561
3590
3568
3587
3585
3579
3584
3571
3568
3581
3549
3581
3666
3579
3824
3816
3547
3550
3567
3603
3598
3876
3899
3851
3878
3893
3886
3862
3874
3875
3874
3894
3913
3882
3907
3879
3890
3898
3926
3868
3914
3907
3889
3901
3934
3898
3901
3893
3910
3890
3906
4036
3549
3589
3564
3550
3593
3584
3583
3526
3576
3580
3555
3636
3604
3555
3578
3618
3570
3612
3566
3557
3590
3575
3589
3611
3589
3621
3615
3604
3619
3610
3576
3621
3586
3577
3584
3603
3536
3602
3589
3587
3572
3579
3636
3567
3580
3589
3560
3588
3593
3553
3609
3581
3597
3568
3570
3567
3617
3560
3568
3595
3603
3544
3537
3591
3567
3576
3521
3508
3577
3593
3613
3572
3591
3580
3583
3582
3597
3596
3536
3565
3579
3604
3587
3621
3553
3591
3624
3610
3589
3603
3599
3606
3578
3619
3598
3620
3609
3597
3588
3579
3623
3620
3605
3581
3593
3618
3532
3594
3573
3586
3619
3584
3595
3569
3572
3582
3592
3595
3587
3565
