9065
9214
9815
9489
9135
9289
9342
9206
9143
9089
9186
9143
9119
9135
9099
9144
9384
9098
9759
10096
9697
9061
9065
9135
9115
9124
9121
9153
9182
9092
9044
9221
9192
9070
9008
9172
9084
9042
9112
9087
8977
9240
9090
9126
9130
9162
9139
9111
9103
9206
9122
9058
9101
9152
9069
9007
9090
9089
9118
9027
9091
9338
9077
9084
9210
9092
9098
9100
9099
9076
9119
9111
9163
9092
9348
9173
9129
9181
9080
9062
9153
9207
9816
9360
9078
9108
9062
9116
9171
9130
9097
9006
9090
9126
9130
9153
9051
9064
9073
9027
9076
9047
9182
9151
9132
9233
9065
9174
9170
9185
9076
9002
9079
9143
9069
9122
9055
9026
9049
9191
9254
9131
9055
9197
9165
9173
9104
9112
9233
9192
9336
9040
9153
9162
9230
9192
9127
9145
9083
9353
10052
9569
9148
9127
9109
9130
9074
9152
9109
9258
9134
9121
9051
9138
9113
9577
9228
9018
9074
9042
9082
9129
9095
9031
9137
9096
9116
9063
9083
9118
9060
9210
9130
9041
9083
8965
9095
9032
9052
9106
9033
9122
9102
9084
9068
9096
9075
9054
9150
9099
9061
9129
9279
9181
9199
9302
9088
9091
9132
9062
8985
9161
9107
9159
9087
9259
9889
9096
9208
9167
9176
9178
9076
9095
9056
9175
9226
9075
9098
9165
9166
9170
9059
9082
9130
9163
9194
9175
9138
9153
9129
9082
9115
9249
9946
9647
9098
9219
9269
9429
9066
9068
9109
9143
9120
9104
9204
10159
10094
10063
10019
9314
9098
9091
9143
9125
9111
9130
9155
9089
9117
9174
9182
9180
9022
9036
9122
9099
9038
9039
9042
9000
9031
9115
9128
9033
9087
9103
9062
9060
9128
9176
9124
9129
9067
9128
9092
9098
9039
9117
9142
9157
9138
9145
9121
9048
9305
9105
9090
9093
9153
9031
9053
9041
9101
9203
9167
9129
9056
9140
9090
9043
9051
9057
9107
9162
9100
9102
9089
9110
9005
9077
9049
9179
9129
9129
9106
9240
9098
9090
9125
9090
9064
9014
9717
9236
9069
9101
9092
9093
9173
9194
9144
9053
9169
9072
9223
9211
9080
9183
9112
9033
9004
9123
9109
9105
9047
9109
9065
9163
9021
9079
9044
8979
9112
9155
9120
9191
9069
9109
9287
9040
9171
9144
9025
9064
9079
9100
9010
9130
9273
9011
9052
9078
9138
9099
9051
8997
9114
9194
9086
9040
9127
9116
9197
9060
9081
9094
9133
9097
9108
9180
9029
9086
9096
9079
9077
9114
9063
9072
9125
9075
9702
9075
9102
9059
9162
9109
9066
9089
9154
9104
9073
9046
9055
9137
9145
9099
9079
9080
9124
9149
9173
9193
9077
9118
9051
9164
9201
9068
9191
9151
9180
9083
9147
9125
9140
9188
10075
9194
9216
9195
9866
9390
9418
9113
10023
9297
9262
9218
9317
9736
9096
9151
9144
9171
9114
9128
9105
9168
9767
9100
9515
9133
9081
9047
9123
9066
9072
9116
9363
9190
9114
9131
9178
9133
9090
9227
9122
9107
9091
9114
9142
9121
9119
9179
9179
9117
9110
9199
9127
9080
9106
9065
9020
9129
9150
9119
9178
9097
9089
9077
9106
9066
9155
9559
9095
9169
9208
9175
9109
9105
9057
9143
9125
9075
9102
9064
9107
9168
9115
9034
9116
9113
9114
9124
9067
9151
9348
10007
9119
9071
9196
9139
9044
9159
9209
9128
10074
9261
9141
9082
9136
9193
9064
9160
9291
9161
9078
9182
9121
9157
9115
9044
9139
9137
9073
9159
9991
8963
9101
9078
9087
9149
9166
9483
9119
9250
9126
9082
9222
9134
9133
9108
9066
9123
9099
9182
9146
9171
9196
9118
9130
9120
9061
9153
9109
9050
9126
9091
9151
9158
9150
9151
9107
9169
9118
9102
9114
9178
9109
9223
9148
9138
9202
9076
9250
9145
9125
9149
9133
9088
9186
9129
9181
9165
9208
9145
9204
9212
9128
9074
9113
9251
9128
9150
9165
9101
9055
9121
9107
9181
9115
9057
9081
9132
9075
9188
9144
9122
9062
9134
9123
9195
9187
9156
9087
9055
9108
9180
9145
9117
9144
9114
9092
9137
9148
9158
9099
9150
9160
9093
9119
9098
9158
9670
9107
9111
9088
9145
9184
9137
9055
9177
9132
9209
9346
9145
9100
9053
9093
9204
9128
9087
9148
9058
9103
9174
9098
9117
9131
9102
9132
9106
9111
9065
9125
9109
9171
9090
9249
9118
9186
9170
10164
9062
9123
9144
9231
9118
9165
9083
9514
9069
9065
9134
9144
9105
9095
9055
9120
9260
9484
9260
9716
9081
9111
9119
9226
9091
9088
9056
9084
9095
9170
9152
9099
9150
9061
9073
9131
9196
9127
9087
9117
9124
9142
9123
9119
9139
9127
9106
9142
9180
9154
9093
9126
9117
9094
9145
9088
9086
9159
9053
9171
9086
9145
9099
9083
9075
9058
9158
9119
9112
9100
9082
9084
9124
9194
9119
9172
9226
9109
9200
9137
9083
9110
9199
9115
9149
9161
9089
9190
9160
9139
9159
9159
9094
9103
9102
9187
9087
9141
9326
9113
9110
9028
9188
9244
9118
9076
9369
9099
9146
9830
9105
9206
9057
9158
9165
9996
9125
9132
9170
9198
9127
9127
9162
9173
9191
9104
9152
9154
9105
9143
9113
9148
9192
10081
9144
9071
9086
9226
9187
9196
9114
9231
9200
9069
9107
9192
9116
9170
9184
9150
9136
9195
9130
9138
9127
9281
9060
9119
9048
9161
9304
9040
9119
9170
9130
9238
9172
9119
9200
9268
9108
9076
9100
9127
9127
9435
9119
9153
9050
9075
9130
9126
9413
9160
9146
9105
9130
9108
9159
9195
9224
9171
9087
9186
9113
9116
9223
9193
9175
9352
9109
9126
9079
9144
9223
9121
9067
9086
9171
9115
9075
9063
9779
9097
9069
9141
9149
9134
9099
9187
9209
9214
9096
9130
9094
9099
9150
9112
9541
9306
8869
9061
8906
9053
8937
8897
8873
8783
8819
9158
8822
8719
8731
8692
8749
8688
8784
8704
8716
8747
8861
8725
8737
8775
8697
8744
8855
8748
8773
8766
8720
8824
8870
8830
8883
9799
8763
8835
8840
8771
8743
8836
8755
8785
8819
8894
8803
8803
8840
8779
8858
8817
8850
8865
8907
