3305
3332
3276
3260
3247
3306
3248
3308
3313
3333
3271
3270
3305
3299
3302
3301
3264
3285
3299
3288
3272
3325
3289
3282
3252
3329
3300
3258
3286
3293
3275
3263
3297
3253
3278
3299
3298
3290
3316
3320
3321
3279
3288
3317
3274
3426
3312
3322
3266
3301
3265
3313
3385
3297
3340
3308
3274
3284
3300
3298
3329
3287
3299
3286
3336
3330
3295
3333
3303
3244
3231
3271
3296
3299
3281
3292
3277
3318
3272
3309
3246
3301
3330
3301
3231
3252
3290
3314
3277
3296
3296
3290
3305
3292
3262
3295
3316
3309
3374
3337
3270
3281
3294
3296
3257
3319
3315
3311
3284
3419
3380
3335
3301
3293
3277
3353
3294
3350
3291
3302
3323
3257
3275
3272
3286
3299
3332
3297
3292
3309
3311
3293
3276
3289
3306
3305
3272
3304
3284
3333
3313
3304
3305
3316
3284
3322
3271
3302
3279
3275
3298
3245
3313
3265
3308
3292
3285
3303
3281
3321
3277
3317
3297
3276
3314
3506
3290
3378
3310
3327
3298
3322
3283
3271
3321
3264
3288
3281
3299
3324
3252
3289
3288
3279
3299
3241
3304
3311
3270
3372
3311
3275
3255
3284
3329
3302
3314
3337
3292
3297
3323
3291
3278
3292
3322
3286
3323
3287
3282
3273
3327
3350
3319
3311
3243
3287
3368
3318
3298
3337
3260
3343
3255
3319
3256
3307
3271
3345
3438
3433
3274
3307
3218
3317
3359
3327
3303
3296
3297
3262
3295
3297
3296
3294
3266
3301
3290
3278
3303
3317
3287
3380
3271
3335
3327
3326
3267
3285
3311
3317
3324
3321
3347
3323
3321
3273
3299
3270
3325
3308
3275
3259
3337
3335
3314
3306
3316
3294
3291
3282
3257
3289
3333
3301
3318
3347
3304
3283
3299
3309
3254
3299
3281
3304
3264
3289
3294
3314
3326
3319
3286
3266
3262
3363
3300
3253
3313
3328
3274
3308
3381
3295
3345
3281
3393
3495
3323
3330
3345
3323
3322
3317
3298
3269
3290
3312
3322
3282
3315
3325
3292
3285
3299
3300
3332
3291
3311
3279
3261
3298
3313
3312
3314
3284
3281
3306
3269
3354
3266
3326
3293
3307
3328
3315
3286
3328
3292
3338
3305
3310
3287
3292
3308
3316
3296
3315
3294
3305
3265
3295
3277
3315
3333
3263
3277
3324
3331
3283
3306
3398
3317
3293
3350
3264
3306
3325
3331
3309
3286
3307
3345
3267
3320
3305
3334
3329
3310
3296
3322
3306
3321
3298
3334
3267
3280
3301
3281
3288
3320
3317
3297
3434
3327
3291
3295
3323
3295
3311
3276
3305
3292
3315
3341
3315
3308
3333
3351
3330
3271
3298
3334
3292
3322
3269
3310
3312
3304
3318
3313
3260
3311
3312
3312
3305
3291
3249
3314
3294
3286
3264
3319
3364
3362
3390
3373
3330
3311
3320
3376
3311
3228
3310
3312
3335
3343
3308
3241
3299
3302
3295
3265
3271
3374
3318
3341
3310
3305
3287
3292
3326
3327
3290
3294
3296
3310
3313
3350
3369
3431
3378
3359
3407
3385
3374
3454
3449
3479
3470
3392
3415
3404
3388
3322
3324
3307
3258
3256
3304
3278
3297
3346
3293
3317
3295
3334
3293
3323
3442
3310
3272
3298
3338
3299
3279
3263
3311
3306
3317
3321
3305
3316
3330
3354
3310
3314
3320
3277
3313
3294
3293
3319
3337
3380
3322
3400
3326
3328
3320
3297
3297
3339
3343
3247
3322
3333
3337
3330
3322
3300
3275
3295
3310
3298
3280
3327
3322
3318
3291
3282
3323
3312
3285
3249
3327
3316
3315
3337
3336
3295
3276
3325
3327
3332
3320
3286
3289
3305
3261
3326
3344
3286
3327
3289
3321
3329
3313
3429
3307
3303
3291
3424
3308
3312
3340
3290
3265
3328
3295
3313
3319
3304
3318
3274
3283
3307
3307
3308
3339
3305
3328
3285
3314
3283
3286
3414
3341
3285
3328
3285
3261
3254
3297
3381
3320
3235
3405
3358
3280
3293
3301
3299
3373
3255
3295
3296
3312
3333
3321
3306
3305
3296
3307
3254
3283
3314
3365
3341
3358
3315
3298
3486
3280
3301
3286
3326
3327
3305
3268
3293
3288
3333
3331
3287
3310
3289
3261
3309
3339
3321
3300
3307
3316
3317
3316
3327
3301
3299
3335
3338
3304
3338
3293
3312
3320
3271
3341
3295
3274
3302
3299
3295
3290
3317
3325
3312
3295
3253
3274
3332
3250
3311
3303
3353
3295
3299
3303
3295
3335
3314
3281
3329
3335
3291
3333
3318
3308
3317
3259
3284
3342
3254
3301
3308
3299
3319
3302
3257
3328
3313
3309
3326
3302
3319
3298
3302
3319
3332
3279
3320
3277
3294
3307
3319
3349
3307
3327
3292
3268
3306
3322
3376
3243
3327
3332
3275
3260
3294
3282
3333
3325
3277
3310
3306
3437
3279
3294
3329
3306
3313
3274
3309
3304
3322
3304
3352
3311
3315
3304
3297
3289
3269
3290
3325
3317
3272
3276
3321
3304
3253
3324
3299
3284
3300
3261
3312
3274
3318
3290
3269
3310
3301
3296
3272
3314
3265
3284
3417
3313
3412
3255
3300
3279
3292
3272
3303
3287
3324
3283
3393
3281
3310
3270
3310
3265
3262
3325
3329
3261
3306
3338
3315
3400
3253
3321
3323
3310
3261
3300
3272
3281
3336
3340
3373
3339
3340
3276
3315
3468
3302
3299
3265
3297
3289
3342
3296
3317
3464
3312
3296
3319
3280
3312
3299
3384
3282
3282
3351
3303
3266
3462
3296
3344
3381
3293
3292
3276
3313
3324
3241
3288
3250
3288
3326
3300
3391
3284
3255
3287
3325
3322
3314
3321
3288
3302
3342
3311
3266
3272
3298
3331
3346
3271
3290
3334
3265
3368
3305
3272
3329
3338
3307
3327
3312
3303
3278
3329
3260
3368
3293
3341
3317
3270
3289
3346
3311
3278
3323
3307
3302
3313
3316
3284
3301
3298
3326
3274
3298
3274
3273
3307
3337
3355
3297
3287
3309
3322
3275
3256
3335
3338
3287
3287
3275
3313
3266
3312
3323
3316
3301
3300
3309
3335
3271
3287
3260
3329
3297
3289
3264
3315
3303
3336
3303
3297
3310
3306
3357
3344
3282
3272
3326
3378
3293
3300
3330
3256
3290
3445
3590
3319
