3399
3523
4525
3432
3510
3379
4257
3660
3401
3344
3487
4585
3665
3566
3378
4061
3740
3403
3365
3528
3625
3417
3418
3403
3565
4263
3399
3416
3529
3795
3441
3421
3380
3366
3559
3395
3395
3363
3399
3370
3358
3369
3338
3397
3380
3390
3368
3391
3349
3359
3365
3401
3383
3373
3361
3385
3366
3372
3407
3422
3383
3383
3416
3395
3376
3379
3432
3447
3456
3454
3456
4040
3427
3408
3458
4932
3598
3575
3408
3347
3398
3369
3421
3362
3441
3401
3420
3428
3388
3329
3404
3396
3384
3395
3363
3338
3353
3561
3437
3361
3407
3390
3392
3360
3361
4502
4201
3394
3488
3452
3420
3372
3393
3413
3358
3363
3351
3422
3357
3432
3409
3407
3383
3406
3403
3402
3384
3403
3395
3418
3395
3398
3389
3384
3394
3418
3350
3413
3420
3387
3388
3392
3391
3420
3398
3409
3402
3422
3408
3346
3387
3368
3358
3419
3382
3405
3450
3450
4337
3870
3474
3481
3559
3608
3500
3344
3414
3397
3387
3337
3360
3354
3371
3371
3384
3320
3406
3385
3391
3409
3353
3391
3342
3588
3426
3347
3385
3409
3416
3397
3400
3383
3411
3384
3403
3423
3384
3404
3372
3409
3436
3390
3358
3433
3412
3383
3432
3473
3422
3409
3395
3424
3412
3364
3411
3394
3394
3407
3416
3415
3432
3381
3406
3375
3345
3753
3365
3349
4516
4056
3409
3534
3791
3426
3419
3584
3451
3400
3481
3387
3367
3585
3492
3435
3546
3441
3396
3396
3425
3408
3435
3843
3462
3448
3513
3477
3453
3487
3488
3456
3462
3477
3449
3754
3448
3405
3425
3402
3409
3409
3444
3423
3419
3388
3412
3395
3384
3410
3440
3438
3411
3389
3420
3569
3581
3415
3448
3447
3441
3432
3421
3406
3428
3425
3431
3443
3440
3471
3453
3431
3454
3440
3424
3455
3437
3433
3421
3434
3443
3415
3399
3413
3406
3417
3395
3428
3454
3448
3421
3385
3417
3406
3415
3418
3380
3420
3411
3371
3407
3361
3407
3411
3389
3398
3364
3390
3390
3403
3387
3381
3383
3379
3372
3367
3420
3408
3392
3418
3429
3423
3452
3437
3424
3443
3434
3435
3415
3435
3432
3425
3402
3367
3411
3378
3430
3417
3403
3382
3405
3436
3439
3429
3414
3440
3433
3420
3457
3417
3428
3424
3424
3424
3412
3391
3433
3406
3428
3556
3439
3409
3545
3452
3458
3436
3542
3433
3461
3430
3456
3435
3413
3386
3437
3564
3412
3406
3425
3380
3401
3399
3399
3364
3381
3401
3386
3351
3446
3456
3445
3359
3388
3673
3645
3636
3495
3357
3368
3432
3537
3428
3418
3410
3370
3378
3386
3400
3398
3398
3381
3360
3404
3393
3403
3399
3405
3430
3418
3377
3379
3390
3393
3409
3417
3365
3419
3368
3434
3386
3414
3390
3377
3386
3415
3387
3406
3415
3426
3410
3427
3364
3404
3412
3380
3385
3395
3411
3410
3419
3379
3378
3374
3368
3391
3394
3369
3407
3396
3391
3371
3398
3399
3387
3401
3432
3406
3396
3392
3434
3416
3382
3408
3406
3380
3433
3431
3411
3405
3641
3616
3647
3643
3410
3383
3421
3409
3383
3372
3415
3439
3392
3421
3420
3388
3403
3368
3437
3397
3423
3430
3413
3406
3405
3395
3376
3368
3394
3411
3420
3398
3546
3442
3762
3384
3340
3362
3392
3358
3344
3374
3429
3413
3403
3382
3399
3427
3400
3435
3428
3409
3419
3403
3362
3426
3420
3415
3398
3423
3366
3398
3392
3399
3409
3420
3388
3441
3437
3405
3418
3437
3394
3365
3416
3404
3407
3427
3415
3393
3423
3391
3613
3628
3630
3617
3635
3354
3390
3391
3418
3436
3430
3411
3389
3419
3398
3420
3431
3340
3380
3410
3423
3390
3415
3392
3349
3420
3368
3392
3452
3412
3414
3441
3421
3412
3415
3448
3395
3419
3405
3387
3407
3388
3423
3444
3422
3423
3445
3435
4945
3620
3441
3785
3620
3790
3488
3422
3457
3459
3423
3420
3743
3422
3419
3729
3492
3499
3445
3447
3412
3759
3561
3440
3652
3583
3461
3464
3446
3409
3446
3744
3502
3461
3731
3548
3452
3483
3465
3397
3742
3483
3477
3420
3455
3458
3428
3402
3526
3544
3472
3468
4089
6154
4630
3723
3611
3559
4880
3953
3658
4053
3703
3729
3680
3747
4048
3867
3666
4121
3842
3680
3713
3639
3772
4098
3716
3584
3888
3621
3595
3612
3510
3499
3812
3614
3530
3764
3507
3451
3467
3961
3500
3445
3474
3503
3449
3762
3475
3531
3463
4573
3631
3731
3494
3472
4470
3595
3570
3774
3654
3489
3441
3489
3623
3915
3530
3535
3499
3730
3510
5267
5336
3999
3675
4750
3581
3832
3542
4451
3995
3830
3579
3582
4576
3566
3483
3782
4663
3592
3819
3607
4275
3797
3506
3474
3823
4599
3778
3570
3470
4616
3554
3419
3646
4472
3885
3763
3552
3571
4531
3487
3449
3794
4665
3567
3883
3627
4306
3784
3472
3506
3792
4708
3619
3642
3533
4601
3453
3428
3717
4112
4083
3786
3502
3471
4565
3593
3472
3753
4580
3514
3830
3543
3818
4316
3412
3446
3723
4540
3472
3808
3489
4240
3809
3437
3410
3792
4605
3528
3852
3480
4661
3527
3419
3683
4514
3505
3704
3428
3498
3434
3460
3406
3415
3447
3428
3371
3378
3385
3397
3383
3393
3393
3380
3406
3464
3388
3406
3404
3399
3428
3416
3400
3397
3398
3409
3409
3400
3399
3407
3402
3389
3405
3404
3393
3419
3396
3400
3408
3392
3401
3422
3419
3408
3407
3419
3415
3413
3378
3399
3414
3413
3416
3392
3416
3420
3431
3394
3381
3381
3393
3383
3395
3383
3392
3402
3413
3407
3408
3398
3403
3373
3447
3515
3391
3604
3623
3641
3410
3377
3402
3382
3421
3445
3407
3381
3394
3426
3462
3443
3450
3463
3437
3439
3414
3390
3427
3784
4907
3661
3398
3447
3487
3437
3441
3472
3439
3398
3395
3420
3835
3513
3403
3414
3412
3421
3445
3399
3406
3408
3452
3456
3414
3817
3823
3614
3412
3425
3452
3462
3433
3427
3416
3417
3408
3465
3420
3425
3385
3398
3442
3428
