5651
5705
5701
5750
5681
5752
5742
5736
5697
5696
5713
5685
5760
5780
5756
5725
5794
5738
5737
5805
5805
5748
5819
5809
5786
5793
5773
5766
5710
5759
5730
5746
5747
5715
5780
5838
5801
5744
5698
5729
5748
5773
5774
5782
5761
5769
5739
5808
5764
5795
5908
6217
5727
5764
5810
5742
5776
5795
5709
5839
5824
5820
5819
5807
5842
5763
5911
5913
5692
5760
5776
5782
5745
5721
5769
5758
5761
5728
5766
5762
5779
5770
5793
5814
5739
5741
5770
5764
5806
5748
5737
5719
5773
5759
5757
5730
5780
5741
5754
5809
5997
5803
5779
5747
5846
5749
5785
5735
5713
5780
5769
5803
5750
5815
5773
5743
5745
5801
5758
5772
5780
5748
5783
5779
5773
5816
5818
5798
5809
5845
5740
5780
5851
5809
5696
5811
5802
5776
5751
5816
5789
5772
5793
5788
5803
5835
5794
5834
5795
5754
5895
5856
5778
5817
5808
5750
5809
5815
5803
5796
5878
5944
5906
5893
5882
5857
5827
5921
5915
6477
6532
6525
6483
6471
6473
6485
6478
6469
6453
6469
6510
6470
6441
6522
6477
6470
6484
6480
6494
6463
6514
6560
6574
6538
6569
6549
6578
6519
6548
6550
6503
6558
6515
6551
6492
6484
6531
6542
6501
6551
6513
6521
6546
6510
6498
6517
6536
6483
6486
6502
6555
6505
6523
6536
6518
6523
6492
6475
6501
6533
6559
6532
6543
6466
6512
6491
6532
6474
6485
6483
6545
6531
6496
6519
6530
6515
6461
6454
6484
6488
6471
6467
6455
6486
6511
6488
6472
6472
6464
6516
6527
6510
6517
6474
6481
6454
6424
6442
6484
6487
6517
6482
6426
6471
6499
6444
6528
6473
6430
6489
6467
6487
6458
6438
6517
6511
6428
6038
6082
6096
6100
6078
6084
6099
6060
5675
5739
5733
5755
5749
5769
5772
5709
5754
5731
5756
5766
5793
5804
5827
5773
5802
5789
5801
5764
5788
5736
5759
5771
5779
5845
5808
5811
5812
5795
5753
5770
5772
5768
5748
5778
5802
5827
5798
5802
5778
5774
5756
5758
5808
5791
5747
5793
5786
5800
5799
5772
5803
5745
5782
5806
5793
5806
5777
5774
5736
5741
5746
5730
5759
5721
5763
5748
5716
5725
5746
5674
5741
5750
5749
5774
5746
5776
5790
5742
5766
5732
5757
5770
5719
5734
5710
5722
5728
5745
5726
5730
5720
5780
5726
5756
5693
5735
5730
5779
5771
5783
5755
5751
5778
5704
5800
5731
5727
5703
5728
5740
5725
5744
5666
5745
5745
5743
5728
5724
5723
5746
5760
5718
5760
5746
5735
5766
5732
5691
5746
5784
5780
5741
5739
5762
5800
5734
5779
5812
5781
5765
5770
5768
5701
5753
5725
5722
5742
5723
5693
5712
5797
5746
5763
5754
5726
5737
5762
5784
5866
5868
5845
5836
5859
5939
5869
5882
5834
5885
5900
5862
5751
5736
5783
5793
5795
5795
5711
6558
6589
6419
6434
6481
6598
6572
6543
6475
6555
6545
6530
6577
6573
6506
6557
6531
6573
6558
6409
5966
5963
5956
6134
6609
6477
6546
6494
6597
6535
6621
6539
6592
6567
6479
6620
6639
6528
6584
6600
6342
6126
6048
6055
6470
6575
6565
6590
6648
6596
6559
6558
6516
6472
6545
6521
6507
6475
6513
6623
6630
6581
6469
6543
6595
6431
6537
6509
6544
6504
6552
6583
6591
6594
6535
6545
6387
5752
5763
5786
5752
5799
5756
5771
5800
5827
5817
5763
5816
5773
5774
5782
5773
5791
5719
5776
5764
5823
5799
5774
5774
5784
5804
5757
5749
5778
5801
5745
5738
5771
5738
5759
5786
5786
5764
5800
5779
5764
5766
5750
5802
5775
5734
5731
5725
5770
5720
5752
5758
5736
5730
5747
5722
5741
5723
5746
5698
5745
5744
5772
5746
5747
5683
5666
5707
5751
5742
5745
5759
5788
5791
5767
5778
5727
5818
5789
5821
5794
5787
5794
5754
5717
5725
5722
5735
5692
5735
5741
5794
5722
5712
5756
5751
5788
5780
5767
5771
5798
5773
5790
5703
5715
5752
5763
5770
5755
5727
5715
5765
5743
5715
5735
5762
5716
5796
5791
5773
5717
5700
5714
5755
5713
5760
5727
5744
5738
5774
5747
5796
5753
5731
5782
5789
5728
5795
5791
5724
5773
5761
5716
5774
5766
5712
5737
5747
5709
5743
5773
5709
5793
5737
5725
5719
5702
5779
5751
5796
5752
5777
5757
5759
5782
5805
5743
5728
5733
5720
5752
5717
5767
5801
5747
5811
5776
5775
5776
5697
5787
5787
5767
5768
5795
5775
5766
5782
5753
5761
5701
5792
5760
5717
5764
5773
5769
5776
5698
5760
5721
5776
5780
5714
5711
5740
5807
5810
5771
5824
5801
5797
5802
5782
5767
5755
5829
5828
5756
5838
5824
5792
5749
5803
5785
5775
6013
6375
6420
6371
6403
6364
6388
6451
6369
6381
6389
6390
6480
5790
5822
5808
5775
5748
5704
5789
5701
5771
5689
5726
5868
5748
5676
5778
5753
5775
5778
5760
5769
5772
5820
5769
5779
5807
5761
5784
5757
5745
5792
5788
5814
5790
5797
5762
5750
5809
5847
5785
5798
5782
5799
5811
5766
5746
5741
5799
5724
5772
5729
5822
5760
5734
5760
5768
5788
5742
5797
5806
5801
5760
5780
5746
5753
5768
5736
5737
5749
5725
5744
5749
5705
5720
5728
5720
5718
5756
5784
5812
5748
5770
5708
5703
5766
5729
5714
5853
5827
5737
5775
5746
5705
5791
5754
5747
5806
5840
5816
5861
5746
5821
5823
5796
5951
6311
6246
6301
6254
5900
5780
5822
5752
5741
5765
5731
5810
5753
5756
5806
5759
5791
5766
5755
5793
5785
5749
5755
5752
5804
5749
5749
5725
5755
5743
5788
5732
5810
5787
5776
5796
5776
5789
5784
5791
5808
5769
5751
5764
5775
5743
5749
5761
5756
5753
5752
5713
5783
5690
5732
5784
5790
5706
5771
5801
5781
5743
5757
5752
5760
5676
5749
5793
5705
5790
5787
5703
5728
5717
5752
5763
5770
5732
5712
5734
5750
5695
5789
5724
5743
5747
5750
5738
5779
5737
5767
5753
5766
5764
5765
5782
5760
5783
5795
5717
5739
5715
5750
5740
5774
5773
