4580
4448
4321
4497
4499
4399
4440
4473
4411
4679
4384
4469
4393
4383
4517
4484
4388
4504
4458
4413
4489
4417
4553
4476
4471
4512
4478
4352
4511
4437
4525
4612
4417
4503
4645
4394
4605
4527
4540
4513
4524
4478
4515
4467
4405
4465
4438
4527
4524
4523
4509
4483
4342
4443
4507
4413
4605
4480
4385
4508
4409
4476
4506
4400
4488
4536
4401
4528
4490
4321
4519
4364
4508
4478
4384
4466
4494
4378
4533
4477
4377
4620
4486
4433
4532
4381
4438
4495
4490
4513
4482
4453
4670
4527
4397
4480
4413
4543
4595
4437
4476
4612
4380
4542
4441
4501
4545
4512
4494
4526
4435
4486
4604
4877
4501
4492
4413
4520
4566
4427
4616
4474
4399
4489
4536
4379
4506
4493
4446
4545
4477
4385
4477
4598
4425
4516
4472
4429
4480
4403
4493
4507
4413
4503
4510
4414
4414
4423
4413
4415
4480
4384
4533
4428
4415
4377
4413
4387
4423
4406
4401
4419
4373
4359
4362
4390
4370
4423
4398
4383
4405
4423
4380
4429
4422
4409
4415
4429
4417
4370
4475
4359
4391
4396
4387
4392
4363
4410
4566
4404
4404
4404
4390
4378
4401
4405
4416
4377
4324
4363
4377
4391
4402
6162
4551
4388
4493
4465
4467
4497
4407
4520
4516
4380
4535
4479
4424
4509
4420
4490
4657
4396
4505
4488
4330
4531
4501
4419
4451
4399
4580
4511
4363
4481
4487
4368
4497
4456
4361
4482
4409
4426
4533
4544
4549
4529
4377
4560
4503
4353
4512
4413
4444
4449
4431
4568
4505
4396
4508
4523
4391
4467
4406
4473
4459
4387
4505
4528
4437
4488
4500
4362
4448
4493
4416
4612
4408
4480
4438
4397
4512
4476
4379
4515
4397
4477
4490
4375
4620
4466
4442
4511
4508
4351
4530
4525
4391
4412
4464
4602
4520
4445
4516
4487
4401
4428
4491
4532
4672
4516
4518
4516
4576
4478
4495
4514
4849
4626
4506
4425
4854
4635
4452
4582
4488
4423
4473
4787
4585
4526
4470
4488
4484
4356
4575
4483
4342
4482
4459
4429
4472
4359
4514
4422
4563
4448
4462
4366
4481
4390
4467
4508
4404
4462
4532
4411
4417
4491
4398
4500
4512
4410
4515
4343
4495
4465
4423
4427
4376
4411
4338
4377
4391
4379
4384
4389
4436
4609
4367
4350
4363
4388
4372
4416
4402
4379
4414
4453
4370
4373
4404
4380
4363
4385
4388
4422
4381
4377
4393
4353
4397
4383
4403
4391
4393
4392
4385
4409
4430
4419
4391
4370
4375
4388
4382
4417
4495
4362
4396
4346
4364
4397
4394
4387
4375
4363
4401
4393
4383
4380
4404
4392
4369
4413
4403
4394
4394
4378
4390
4346
4414
4452
4529
4365
4381
4417
4411
4451
4484
4466
4436
4556
4435
4387
4442
4409
4399
4390
4388
4579
4405
4375
4394
4427
4392
4370
4378
4383
4414
4333
4413
4355
4425
4374
4360
4404
4398
4417
4390
4386
4390
4358
4376
4429
4399
4407
4397
4429
4398
4394
4376
4384
4346
4407
4423
4408
4383
4509
4439
4379
4392
4522
4420
4405
4354
4344
4424
4459
4377
4385
4419
4367
4399
4383
4369
4380
4370
4359
4374
4394
4421
4424
4388
4385
4395
4552
4409
4383
4349
4343
4393
4441
4410
4389
4387
4382
4428
4449
4403
4404
4392
4376
4489
4389
4407
4416
4365
4390
4338
4398
4400
4380
4588
4392
4354
4373
4374
4375
4427
4407
4395
4394
4380
4400
4397
4535
4286
4363
4412
4451
4410
4352
4390
4394
4400
4390
4415
4414
4402
4401
4417
4413
4323
4387
4439
4374
4410
4460
4508
4388
4375
4420
4375
4408
4577
4402
4366
4396
4353
4392
4383
4409
4388
4393
4356
4427
4357
4419
4376
4380
4371
4407
4373
4345
4359
4382
4420
4408
4357
4348
4401
4365
4406
4420
4403
4400
4382
4418
4382
4409
4402
4357
4412
4385
4444
4380
4364
4397
4379
4387
4392
4364
4431
4358
4387
4340
4387
4365
4389
4405
4386
4387
4397
4399
4405
4367
4381
4398
4381
4333
4372
4353
4380
4392
4369
4346
4393
4359
4369
4339
4391
4386
4371
4424
4380
4392
4385
4432
4362
4352
4421
4489
4493
4343
4413
4398
4402
4341
4376
4399
4402
4397
4406
4376
4424
4400
4397
4482
4353
4473
4440
4454
4546
4535
4513
4599
4390
4512
4537
5216
4685
4632
4595
4769
4695
4365
4850
4663
4410
4769
4672
4507
4546
4927
4476
4528
4594
4650
4634
4524
4737
4687
4513
4404
4798
4599
4415
4497
4819
4440
4714
4776
4444
4544
4508
4720
4572
4503
4642
4545
4640
4412
4803
4617
4394
4557
4716
4579
4495
4754
4558
4551
4376
4535
4494
4390
4489
4490
4475
4502
4456
4526
4447
4362
4503
4423
4376
4397
4532
4346
4407
4455
4380
4525
4380
4332
4388
4375
4383
4345
4418
4409
4357
4375
4392
4335
4375
4346
4408
4403
4562
4371
4357
4391
4384
4365
4427
4415
4401
4357
4387
4404
4402
4370
4417
4421
4396
4402
4351
4379
4407
4328
4367
4354
4415
4404
4380
4378
4384
4396
4408
4378
4378
4375
4357
4487
4574
4373
4411
4418
4413
4390
4416
4411
4397
4387
4388
4374
4382
4396
4374
4371
4492
4494
4433
4384
4367
4394
4416
4392
4395
4401
4365
4414
4374
4391
4394
4392
4392
4380
4397
4363
4385
4363
4395
4354
4381
4416
4401
4417
4385
4413
4405
4381
4372
4368
4336
4437
4410
4383
4523
4405
4374
4367
4327
4354
4388
4402
4351
4456
4465
4392
4375
4397
4324
4397
4401
4413
4461
4391
4364
4367
4335
4410
4431
4404
4401
4392
4439
4396
4397
4357
4392
4520
4446
4350
4388
4390
4356
4392
4390
4404
4361
4386
4438
4386
4487
4447
4400
4401
4368
4394
4411
4386
4370
4412
4302
4365
4378
4358
4359
4403
4421
4398
4413
4326
4406
4399
4346
4401
4361
4388
4410
4357
4431
4321
4459
4400
4445
4556
4382
4577
4334
4663
4386
4490
4529
4395
4509
4451
4607
4652
4440
4589
4523
4422
4553
4541
4403
4633
4495
4455
4586
4436
4656
4556
4427
4573
4521
4421
