3928
3914
3902
3942
3947
3936
3965
3926
3921
3953
3947
3879
3922
3890
3942
3975
3936
3952
3970
3949
3956
3939
3943
3944
3931
3915
3938
3971
3960
3932
3942
3970
3965
3951
3914
3958
3957
3998
3971
3912
3912
3984
3963
3955
3918
3960
3946
3979
3966
3929
3963
3930
3969
3895
3895
3932
3896
3919
3989
3934
3963
3982
3980
3940
3895
3926
3925
3932
3944
3914
3927
3884
4029
3972
3946
3870
3894
3928
3867
3936
3925
3943
3999
3933
4012
3922
3955
3952
3912
3926
3922
3903
3910
3931
3913
3886
3909
3907
3933
3940
3929
4024
3935
3877
3895
3907
3947
3940
3955
3928
3902
3931
3880
3908
3880
3925
3895
3884
3926
3899
3929
3923
3918
3909
3913
3929
3908
3951
3952
3955
3950
3940
3898
3954
3920
3918
3938
3941
3947
3945
3944
3920
3931
3933
4019
4031
3982
3922
3942
3926
4386
4401
4401
4499
4534
4522
4526
4509
4490
4526
4508
4489
4514
4477
4494
4523
4483
4475
4483
4505
4482
4484
4514
4475
4520
4172
4147
4148
4166
4134
4170
4142
4171
4143
4113
3906
3914
3922
3903
3926
3933
3887
3906
3983
3947
3969
3950
3973
3951
3970
3942
3967
3913
3940
3905
3936
3914
3906
3944
3935
3930
3933
3894
3941
3939
3905
3896
4045
3919
3846
3918
3960
3947
3925
3929
3942
3899
3899
3921
3921
3917
3862
3914
3930
3915
3922
3887
3931
3930
3920
3935
3898
3912
3895
3878
3918
3951
3917
3912
3876
3922
3932
3894
3903
3929
3926
3922
3922
3937
3873
3952
3924
3930
3926
3925
3896
3896
3896
3909
3942
3876
3914
3898
3921
3916
3903
3896
3911
3918
3907
3920
3886
3914
3936
3904
3928
3922
3926
3940
3902
3874
3938
3919
3956
3904
3925
3890
3909
3915
3952
3926
3945
3901
3923
3944
3911
3942
3946
3927
3934
3941
3910
3914
3903
3929
3953
3927
3915
3928
3991
3971
3956
3943
3903
3957
3970
3924
3960
3958
3949
3931
3932
3959
3921
3929
3923
3951
3915
3957
3907
3933
3920
3955
3948
3927
3906
4347
4388
4351
4343
4353
4347
4381
4342
4367
4341
4386
4343
4341
4405
4380
4373
4330
4343
4352
4378
4339
4345
4376
4357
4344
4349
4345
4348
4347
4369
4333
4368
4384
4338
4326
4344
4319
4357
4340
4351
4340
4324
4304
4365
4357
4351
4363
4350
4369
4391
4364
4345
4368
4362
4341
4361
4340
4370
4334
4335
4345
4340
4324
4358
4355
4366
4344
4366
4366
4343
4531
4530
4544
4365
4352
4391
4372
4353
3929
3963
3931
3894
3880
3918
3906
3903
3906
3871
3952
3883
3889
3950
3935
3907
3897
3953
3912
3893
3903
3912
3928
3967
3954
3913
3920
3917
3911
3935
3942
3930
3919
3910
3872
3907
3927
3909
3934
3922
3957
3908
3931
3924
3900
3900
3882
3909
3939
3945
3943
3893
3930
3905
3927
4387
4380
4351
4379
4403
4358
4665
4056
3954
4275
3871
4195
3916
3896
4312
3973
3945
4312
3957
4191
3957
3927
4232
3967
3943
4266
3995
3939
4268
3920
4168
4030
3946
4289
3920
3945
4222
3928
3936
4327
3884
4200
3975
3944
4226
3966
3987
4245
3942
4087
4123
3969
3947
3944
3948
3932
3901
3919
4122
4286
4057
4340
3943
4224
3983
3929
4236
3969
3938
4173
3859
3845
4186
3992
3996
4215
4056
4116
4480
4078
4123
3960
3993
4122
4353
3974
4275
3989
3935
3930
4025
4074
3934
3946
4145
3948
3976
4047
3922
3960
3916
3931
4109
3955
4288
3945
3928
3937
4066
3932
4070
3918
3917
4227
3901
3949
3970
3905
3945
3955
3920
3926
3950
3932
3923
3931
3958
3899
3921
4222
3930
3935
3937
3943
3926
3931
3914
3906
3914
3889
3974
3915
3872
3957
3907
3891
3882
3957
3920
3936
3982
3898
4327
3922
3954
3931
3942
3958
3908
3943
3909
3891
3883
3922
3947
3904
3830
3877
3895
3899
3912
3890
3934
3914
3927
3924
3886
3878
3922
3903
4345
3902
3914
3937
3896
3937
3898
3902
3907
3948
3936
3928
3880
3948
3920
3907
3905
3926
4348
3955
4070
3990
4254
4580
3966
3932
4119
3997
3954
4088
4021
4038
4490
4090
4332
3867
3832
4428
4001
4018
4264
3939
4309
5734
5038
5757
4470
4193
4259
4803
4342
4538
4254
4190
4576
4227
4025
4004
3989
4005
3939
4066
4041
3986
3954
3928
3950
3942
4020
3954
4017
4016
3995
4012
3927
4003
3934
3901
3954
3924
3972
3965
3976
4008
3915
3890
3932
3941
3936
3987
3932
3942
3964
3992
3966
3980
3956
3965
3924
3958
4140
4365
4303
4192
3908
4121
4304
3943
3934
4007
3938
3976
4057
3901
4039
3965
3927
4039
3927
3896
4000
3967
3941
4277
4131
4022
3959
3929
4024
3930
3929
4005
3916
3930
4072
3956
3924
4076
3938
3978
4031
3949
4066
4008
3959
4017
3898
3917
3947
3897
3904
3977
3940
3883
3877
3917
3928
3969
3947
3962
3947
3951
3947
3930
3927
3937
3929
3939
3938
3941
3923
3872
3948
3940
3933
3920
3921
3906
3967
3939
3910
3908
3922
3911
3901
4393
4223
3947
3960
3973
3948
3971
3943
3960
3880
3947
4111
4347
4131
4073
3839
4308
3953
3914
4272
3953
3922
4291
3998
4240
3957
3893
4256
3917
3919
4333
3941
4130
4477
4379
4314
3945
3938
4022
3939
3942
4326
3991
3956
4237
3946
4266
3944
3943
4236
3960
3941
4315
3963
4272
3972
3961
4335
3914
4020
4219
4033
4102
4184
4074
4232
3946
3983
4013
3936
3938
4082
3923
4055
3958
3948
4070
3940
3921
4064
3974
3921
4102
3972
3981
3992
4011
3997
3992
4004
3984
4026
4026
4033
4026
4019
4028
4002
4014
3983
4021
4023
4064
4059
4050
4018
4016
4001
4008
4019
3979
3988
4016
4041
4059
4027
4012
4039
4010
4018
3997
3925
3924
3901
3949
3941
3941
3952
3956
3964
3943
3922
3926
3931
3918
3940
3936
3940
3943
3942
3888
3935
3954
3953
3949
3934
3936
3918
3938
3900
4014
3935
3942
3955
4572
4031
