6996
6906
6898
6975
6974
6950
7118
7153
6979
6940
6950
6953
7004
6954
6956
6935
6987
6923
6902
6899
6960
6899
6946
6995
6951
6959
7023
6946
6964
6914
6953
6965
6960
6970
6962
6951
6938
6902
6934
6958
6980
6942
7022
6909
6945
6992
6933
6940
6939
6990
6966
6981
7006
6969
6995
7003
6941
6975
7001
6999
6938
6953
6892
6901
6925
6895
6915
6890
6919
6855
6961
6940
6911
6876
6982
6915
6977
6945
7076
6931
6926
6957
6971
6933
6963
6951
6976
6965
7053
6995
6973
6990
7106
6937
6939
6976
6912
6919
6950
6955
6932
6980
6894
6919
6999
7073
6939
6963
6924
6917
6951
6984
6887
6966
6991
6894
6977
6961
6939
7095
6979
6966
7019
6963
6996
6971
6973
6902
7018
7026
7003
7059
6991
6992
6996
6971
7005
7022
7050
7114
7657
7280
6968
6947
6944
6917
6990
6875
6912
6953
6949
6965
6942
6983
6990
6935
6955
6932
6921
6954
6956
6943
6989
6901
6964
6929
6959
6943
6923
6963
7068
7119
7044
7079
7057
7115
7156
7142
7093
7111
7110
7107
7130
7067
7077
7111
7096
7114
7167
7137
7177
7122
7043
7074
7081
7078
7061
7096
7160
7146
7079
6979
6889
6943
6876
6904
6925
6897
6922
6919
6907
7080
6911
6944
6936
7000
6946
6995
6908
7036
6987
6983
6973
7044
6934
7148
7037
7055
7505
7389
7201
7009
7014
7063
7073
6987
7046
7004
7688
7130
7048
6998
7117
7075
6954
7063
6926
6935
6969
6921
6938
6987
6973
7046
7000
7016
7031
6932
6930
6872
6937
6949
6967
6989
6987
6958
6948
6955
6911
6949
6992
6931
7002
6959
6996
6971
6960
6928
6961
6950
6931
6896
6954
6940
6919
6896
6954
6977
6898
6940
6934
6942
6946
6934
6999
6982
6921
6878
6936
6948
6943
6966
6959
6980
6894
6956
6956
6979
7086
6919
6938
6919
6920
6927
6937
6907
6918
6930
6948
6897
6986
6908
7064
6914
6971
6950
6999
6998
6915
6976
6929
6966
6954
6940
6940
6969
6960
6946
6925
6917
6993
6960
6947
6942
6997
6973
7047
7082
7294
7500
7148
7529
6981
7070
7062
7075
7027
7027
7062
7772
7804
7880
7794
7796
7795
7633
6959
6962
6939
6978
6974
6945
6995
7028
6939
7024
7036
7181
7007
7045
6970
6976
7000
7055
6987
7022
6947
7052
7024
6999
6917
6941
6945
6953
6919
6998
6926
6982
6889
6946
6943
6984
7008
7014
6969
7038
7020
7146
6950
6968
6941
6912
6908
6972
6892
6892
6921
6936
6917
6927
6874
6913
6998
6944
6946
6962
6928
6895
6892
6908
6908
6938
6962
6920
6952
6920
6952
7014
6927
6868
6994
6873
6954
6891
6881
6910
6878
6901
6972
7044
7055
6948
6952
7114
7045
6937
6932
6956
6981
6967
6976
6900
6957
6989
6946
6970
6877
6957
6922
6909
6949
6926
6991
7007
6992
6982
6973
6965
6971
6997
6954
6919
6960
6895
6921
6986
6903
6864
7018
6972
7007
6983
6975
7117
6982
7024
6926
6943
6934
6895
7012
7446
7574
7841
7102
6989
7164
6960
6943
7480
6882
6917
6928
7002
6965
7356
7506
7456
7428
7013
6922
7067
7021
7012
6966
7030
7079
7001
7040
6937
7002
6975
7009
7105
6994
7007
6988
7083
7007
7008
7013
7074
7045
7031
6937
6923
6891
6855
6925
6865
6903
6995
6975
6989
6923
6913
6947
6898
6981
6981
6920
6955
6970
6924
6980
6975
6860
7006
6938
6986
6968
7046
6934
6945
7133
6972
6975
6907
6903
7034
6998
6957
6975
6943
7063
7005
7055
7029
7044
6909
6932
6959
6935
6911
6928
6898
6946
6956
6875
6923
6911
6964
6909
6967
6995
7034
7030
7017
7572
7774
7791
7837
7772
7777
7703
7785
7172
6945
6915
6954
6937
6989
7046
7027
7571
7295
7102
6982
6951
6912
6916
6891
6917
6977
6953
6907
6937
6955
6965
6922
6923
6881
6952
6954
6954
6948
6986
6976
6840
6854
6811
6918
6918
6838
6872
6896
6855
6892
6926
6978
6936
6905
6989
6927
6977
6992
6948
7000
6927
6986
6963
7010
6920
7041
7037
6971
6952
7011
6892
6969
6956
7017
6957
6982
6997
6996
6990
6997
7016
6984
6979
6943
6922
6855
6998
7119
6963
7001
6977
6968
7029
6975
6972
6989
6975
6967
6956
6942
6956
6916
6945
7000
6942
6920
6989
6932
6957
6929
6942
6917
6902
6922
6998
6950
6891
6909
6942
6909
6909
6916
6952
6982
6947
6963
6931
6917
6872
6924
6926
6941
6881
6913
6896
6932
6927
6993
6946
6926
6918
6989
6940
6988
6967
6960
6886
6964
6903
7001
6925
6996
7056
7028
6907
6984
6966
6900
7105
7065
7077
7043
6995
6945
7009
6979
7003
7003
7016
7004
6985
7056
7051
7008
6984
7078
7078
7117
7035
7075
7059
7086
7016
7086
7030
7073
7045
7091
7092
7069
7091
7073
7112
7092
7081
7102
6968
6932
6890
6854
6933
6890
6819
6938
6886
6952
7011
6886
6889
6935
6968
6972
6881
6901
6927
6941
6886
6908
6945
6935
6942
6941
6948
6956
6962
6990
6963
6961
6970
6916
7076
6918
7002
6899
6939
6934
6902
6882
7319
6944
6971
6891
6968
6964
6961
6863
6922
6904
6908
6916
6914
6928
6955
6913
6931
6926
6992
6878
6991
6940
6926
6950
7020
6941
6939
6844
6912
6918
6872
6874
6885
6902
6900
6866
6949
6938
6965
6989
6960
6932
6926
6966
6949
6919
6914
6892
6918
6954
6982
6960
6975
6886
6915
6874
6928
6912
6942
6880
6915
6902
6927
6851
7078
6948
6950
6959
6998
6972
6973
6935
6960
6920
6932
6955
6920
6936
6944
6949
7001
7027
6955
6971
6990
6933
7083
6971
6973
6972
6906
6909
6942
6890
6932
6896
6905
6902
6908
6893
6914
6898
6879
6885
6934
6928
6906
7228
6944
6892
6954
6934
6980
6979
7008
7057
7004
6992
7013
7000
7017
7062
6978
6962
6927
6938
6926
6958
6950
6932
6890
7040
7469
7519
7519
7541
6968
6962
6865
6916
6900
6917
6917
6942
6959
6912
6907
6930
6975
6917
6983
6901
6941
6921
