4045
4006
3974
4287
4046
4029
4059
4048
4060
4063
4040
4051
4042
4027
4057
4034
4018
4074
4050
4095
4076
4028
4056
4042
4078
4031
4079
4073
4054
4023
4022
4071
4019
4103
4044
4030
4094
4029
4020
4028
4044
4103
4106
4077
4069
4060
4073
4138
4031
4043
4071
4067
4060
4052
4052
4003
4048
4046
4028
4019
4065
4032
4026
4046
4040
4056
4019
4059
4054
4045
4041
4042
4022
4040
4050
4106
4016
4067
4032
4035
4047
4061
4042
4035
4032
4047
4069
4051
4035
4041
4068
4030
4039
4059
4058
4086
4028
4110
4015
4054
4036
4040
4068
4058
4067
4066
4064
4047
4029
4090
4056
4090
4087
4057
4035
4088
4142
4102
4038
4039
4063
4029
4049
4029
4039
4333
4311
4285
4322
4312
4309
4303
4299
4302
4297
4328
4325
4323
4321
4298
4286
4283
4280
4324
4346
4323
4342
4307
4325
4347
4262
4065
4089
4072
4077
4069
4074
4075
4058
4064
4069
4085
4088
4030
4030
4037
4051
4038
4074
4084
4046
4031
4126
4003
4063
4016
4031
4073
4079
4066
4020
3987
4012
4044
4041
4064
4061
4073
4068
4080
4083
4086
4062
4080
4058
4069
4070
4073
4044
4052
4056
4077
4060
4031
4072
4088
4082
4089
4052
4049
4058
4028
4011
4042
4032
4070
4025
4099
4026
4002
4060
4057
4029
4018
4093
4026
4051
4043
4005
4007
4025
4045
4038
4029
4060
4043
4070
4026
4004
4022
4066
4045
4031
4023
4031
4029
4015
4020
4005
4029
4057
4053
4037
4345
4045
4080
4116
4081
4073
4023
4267
4091
4083
4046
4097
4072
4310
4143
4070
4032
4047
4112
4143
4148
4103
4145
4113
4146
4125
4107
4120
4117
4059
4019
4036
4054
4067
4131
4062
4020
4446
4063
4042
4045
4029
4035
3992
3992
3992
4043
4016
4040
4030
4030
4043
4040
4087
4056
4097
4036
4017
4063
4008
4015
4018
4043
4012
4015
4036
4057
4029
4010
4018
4014
3989
3996
4051
4063
4028
4068
4036
4089
4047
4032
4032
4031
4027
4065
4034
4051
4058
4023
4027
4049
4076
4060
4058
4032
4052
4052
4033
4013
4014
4007
4012
4010
4029
4073
4005
4009
3996
3999
4030
4041
4024
4018
4029
4086
4077
4024
4000
3972
4031
3977
4015
4048
4027
4059
4062
4037
4066
4058
4068
4054
4058
4022
3992
4047
4020
4025
4041
4062
4075
4020
4065
4068
4029
4059
3991
3983
4003
4018
4025
4041
4037
4044
4031
4030
4057
4018
4031
4063
4057
4078
4052
4057
4049
4027
4018
3995
4024
4012
4028
4073
4025
4044
4031
4046
4144
4141
4279
4221
4038
3977
3960
4027
4030
4033
4050
4053
4042
4015
4044
4049
4047
4075
4036
4079
4098
4076
4048
4045
4057
4036
4081
4078
4522
4102
4528
4134
4044
4050
4307
4122
4102
4108
4164
4092
4036
4073
4142
4116
4303
4299
4333
4096
4044
4057
4145
4097
4048
4032
4187
4080
4030
4091
4117
4090
4043
4060
4098
4136
4022
4030
4039
4154
4045
4091
4128
5254
4186
4196
4570
4283
4025
4040
4177
4111
4056
4039
4037
4170
4077
4072
4093
4207
4044
4068
4031
4163
4083
4080
4052
4153
4028
4029
4060
4141
4057
4078
4031
4162
4041
4332
4297
4257
4209
4096
4147
4179
4023
4028
4078
4233
4010
4022
4049
4191
4016
4152
4011
4076
4154
4131
4028
4125
4070
4094
4031
4108
4056
4093
4045
4055
4039
4171
4044
4043
4050
4090
4635
4568
4156
4191
4122
4183
4066
4049
4050
4217
4177
4118
4088
4238
4061
4081
4050
4126
4088
4109
4083
4147
4114
4088
4082
4067
4140
4050
4097
4130
4154
4041
4085
4028
4121
4087
4058
4074
4195
4072
4012
4105
4148
4025
4068
4030
4124
4092
4306
4315
4202
4017
4074
4021
4202
4034
4020
4055
4173
4053
4057
4072
4166
4075
4062
4053
4153
4066
4072
4085
4109
4086
4069
4093
4219
4103
4047
4063
4144
4067
4012
4015
4141
4073
4545
4527
4562
4182
4116
4042
4077
4115
4083
4090
4079
4093
4117
4097
4074
4125
4120
4087
4122
4098
4094
4121
4087
4115
4117
4106
4093
4093
4124
4089
4074
4080
4118
4083
4091
4200
4099
4088
4049
4059
4106
4060
4044
4100
4059
4049
4053
4053
4034
4016
4018
4095
4043
4044
4053
4055
4048
4066
4082
4019
4012
4057
4029
4067
4048
4037
4055
4089
4081
4047
4045
4892
4096
4362
4197
4052
4023
4031
4052
4056
4089
4055
4047
4076
4273
4105
4114
4050
4049
4079
4053
4041
4064
4043
4068
4093
4095
4084
4037
4055
4089
4053
4094
4095
4056
4025
4049
4060
4519
4111
4040
4037
4057
4023
4060
4047
4083
4035
4055
4074
4052
4112
4024
4110
4048
4117
4069
4109
4089
4035
4076
4097
4082
4081
4057
4027
4026
4055
4069
4079
4033
4049
4064
4065
4071
4038
4082
4020
4026
4030
4082
4062
4041
4077
4016
4063
4084
4058
4023
4066
4057
4045
4091
4053
4086
4034
4023
4047
4087
4038
4050
4047
4029
4037
4000
4082
4025
4002
4064
4054
4065
4088
4302
4059
4058
4041
4083
4100
4084
4146
4106
4078
4062
4057
4049
4068
4027
4016
4083
4020
4039
4058
4051
4025
4020
4039
4051
4018
4034
4049
4025
4054
4049
4067
4048
4044
4064
4082
4051
4084
4043
4064
4052
4035
4040
4098
4095
4041
4028
4027
4033
4048
4052
4077
4051
4083
4038
4038
4042
4034
4022
4056
4053
4070
4036
4030
4015
4032
4014
4055
4065
4075
4084
4064
4027
4047
4033
4051
4053
4062
4055
4070
4046
4044
4060
4032
4033
4048
4052
4028
4046
4045
4093
4030
4026
4022
4037
4029
4020
4036
4065
4052
4054
4040
4045
4025
4051
4053
4057
4057
4079
4023
4073
4060
4091
4052
4032
4036
4003
4019
4044
4015
4019
4046
4020
4079
4060
4028
4049
4053
4052
4073
4044
4061
4026
4058
4054
4042
4055
4063
4042
4023
4036
4027
4055
6496
7782
7712
4451
4054
4042
4047
4018
4037
4004
4039
4074
4119
4115
4087
4080
4138
4091
4113
4104
4116
