5205
5725
5697
5778
5688
5751
5763
5787
5814
5810
5764
5803
5751
5782
5761
5809
5805
5781
5774
5754
5806
5744
5786
5803
5755
5744
5764
5797
5763
5781
5821
5802
5774
5735
5826
5806
5818
5795
5783
5795
5775
5760
5825
5790
5808
5796
5807
5743
5754
5805
5029
5018
5021
4976
5081
5044
5128
5165
5154
5142
5136
5121
5157
5105
5136
5154
5070
5137
5116
5153
5078
5126
5063
5117
5129
5115
5110
5130
5142
5159
5063
5020
5071
5053
5093
5046
5043
5055
5028
5039
5058
5017
5078
5046
5027
5012
5022
5055
4993
5082
4994
5029
5052
5007
5040
5034
5026
5060
5019
4982
5007
5079
5091
5008
5084
5030
4996
5056
5022
5031
5032
5048
5031
5031
5047
5006
5030
5065
5062
5052
5024
5091
5048
5015
5046
5022
5032
5064
5006
5052
5028
5036
5077
5055
5023
5052
5046
5024
5063
4992
5080
5052
5004
5043
5065
5021
5085
5050
5028
5064
5036
5049
5057
5036
5023
5029
5039
5002
5071
5024
5006
5100
5102
5052
5063
5057
5073
5055
5063
5048
5031
5092
5041
4974
5052
5027
5001
5022
4990
5038
4972
5008
5051
5208
5078
4994
5016
5059
5100
5018
5041
5052
5109
5074
5118
5095
5069
5077
5107
5085
5135
5048
5114
5056
5144
5107
5092
5069
5711
5714
5714
5703
5663
5684
5689
5682
5723
5713
5701
5694
5730
5708
5704
5710
5683
5658
5685
5645
5683
5606
5660
5613
5683
5611
5680
5690
5636
5701
5695
5649
5643
5692
5650
5678
5662
5656
5670
5662
5663
5672
5663
5709
5692
5611
5654
5398
5342
5405
5038
5030
5024
5012
5101
5020
5037
5092
5122
5091
5090
5130
5089
5089
5140
5111
5123
5129
5091
5149
5097
5135
5103
5160
5083
5129
5083
5078
5123
5104
5103
5109
5067
5052
5140
5146
5141
5058
5108
5115
5055
5135
5124
5018
5008
5024
5068
5075
5047
5068
5146
5112
5187
5231
5345
5292
5233
6294
5696
5761
5433
5967
5654
5259
5249
5265
5196
5142
5100
5091
5203
5478
5224
5124
5147
5288
5239
5231
5023
5113
5211
5284
5379
5236
5164
5183
5140
5207
5088
5142
5042
5184
5082
5108
5067
5095
5083
5094
5083
5159
5101
5102
5068
5693
5159
5076
5092
5112
5172
5124
5052
5084
5097
5053
5063
5059
5074
5046
5082
5064
5073
5041
5054
5091
5054
5051
5055
5031
5033
5051
5117
5108
5029
5089
5074
5218
5061
5047
5057
5087
5055
5038
5135
5035
5071
5055
5021
5074
5076
5042
5446
5065
5057
5016
5024
5076
5050
5022
5009
5043
5042
5120
5023
5014
5057
4991
5055
5021
4997
5101
5700
4996
5046
5062
5034
4982
5007
5644
5024
5096
5024
5131
5052
4962
5053
5030
5020
4977
5009
5079
4992
5029
5061
4982
5020
4972
5021
5058
5021
5668
5037
5015
5091
5028
5030
5029
5054
5083
5019
5039
5014
5050
5005
4988
5076
5007
5069
5028
5022
5066
5011
5055
5005
5039
5072
5022
5072
5131
5056
5020
5046
5027
5041
4989
5116
5044
5021
5051
5006
5012
5149
4994
5044
4992
5034
5002
5036
5096
5040
5071
4975
5044
4966
5035
5056
5075
4999
4976
5076
5040
5062
5036
5006
5012
5022
5025
5046
5046
5034
4985
5044
4998
5144
5126
4999
5084
5090
5415
5072
5134
5078
5573
5119
5024
5036
4986
4992
4996
5113
5068
5062
5012
5029
5274
5212
5073
5065
5050
5032
5068
5008
5021
5037
5026
5050
5035
4962
5014
5142
4983
5133
5034
5028
5034
5049
4995
5027
4987
5029
5045
4956
5034
4989
5018
5001
5080
4982
5024
5036
5196
5028
5082
5044
5001
4999
5049
5034
5004
5026
5030
5094
4998
5091
5038
4989
5033
4979
4995
5147
4988
5003
4969
5045
5021
4969
5012
5041
5043
5028
5040
5062
4999
5609
5028
5064
5078
5038
5025
5039
5054
4978
5029
4992
4973
5007
5113
5047
5015
5057
5047
5050
5075
5016
4984
5032
5043
5038
5030
5110
5247
4967
4959
5052
4991
5020
5013
5044
4994
5004
4967
5040
5049
5024
5065
5008
5040
5063
5056
5519
4957
4979
4965
4934
4893
4895
4865
5085
4917
4966
4901
4936
4915
4906
4946
4917
4974
4965
4938
5008
4957
4918
4943
4937
4969
4919
4975
4947
4931
4987
4957
4966
4974
4948
4980
4989
4945
4914
5041
4989
4932
4987
4939
4909
5546
4931
4952
4930
4946
4952
4924
4920
4980
4971
4966
4936
4964
5010
4964
4991
4964
4928
5119
4970
4963
4984
5035
4948
5034
4936
4915
4978
4959
5019
4981
4922
4930
4903
4975
4942
5002
4930
4944
4985
4963
4936
4952
4934
4983
5021
4951
4969
4941
5055
4958
5399
4987
4936
5573
4966
4961
4964
5160
4969
4949
4912
4955
5025
5005
4954
5006
4955
4952
4945
4949
4957
5026
4921
4961
4975
4986
4952
4927
4978
4954
4972
4963
4915
4956
4956
4966
4968
4947
4974
4923
4958
4966
4969
4961
4983
4957
4963
4956
5023
5038
4997
4967
5020
4943
4972
4923
4905
4946
4964
4977
4964
4924
4967
4943
4920
5004
4954
5016
4947
4974
4971
4952
4967
4937
4964
5272
4959
4941
5009
4982
4924
4998
4954
5005
5003
4933
4976
4944
4987
4994
5051
4940
4972
4986
4946
4982
4953
4975
4946
4978
4963
4920
4952
4938
4941
4990
5002
5031
4960
4960
4981
4954
4969
4948
4926
4940
4995
5006
4971
4970
4941
5023
4919
4971
4945
4987
4916
4989
4915
4965
4937
4970
5028
4985
4965
4979
4982
4994
4930
4964
4936
4983
5030
5529
4936
5023
4940
4982
4942
4909
4991
4946
5097
5010
4976
4944
4961
4978
5534
5002
5003
4936
4947
4938
4957
4952
4942
4923
4963
5001
4973
5004
4961
5606
4945
4921
4949
4914
4964
4943
4926
4960
4944
4988
4964
4992
4945
4911
4942
4946
4970
4994
4948
4939
4965
4990
4939
5005
5534
4956
4974
4983
4970
4982
5072
4979
4953
4948
4919
4969
5005
4970
4957
4929
4925
4962
4968
4962
4947
4967
4943
4984
5131
4933
4995
5015
4955
4962
