3897
3887
3884
3874
3841
3870
3892
3848
3894
3916
4056
3869
3910
3920
3876
3913
3883
3927
3895
3883
3913
3927
3936
3877
3949
3914
3915
4068
3873
3910
4052
3908
3931
3955
3926
3933
3929
3928
3914
3868
3939
3954
3907
3948
3983
3941
3919
3958
3977
4005
3987
4073
4112
4138
4005
3949
3922
3881
3900
3927
3926
3931
3902
3946
3911
3904
3933
3871
3947
3963
3896
3901
3916
4004
4014
3930
3872
3884
4190
4156
4177
4032
3935
3976
3973
3904
3936
3922
3924
3932
3958
3974
3902
3911
3924
3935
4163
3957
3902
3890
3903
3977
3868
3908
3907
3863
3938
3943
3920
3860
3885
3906
3963
3925
3973
3899
3890
3899
3910
3925
3966
3935
3926
3913
3883
3975
3901
3906
3915
3988
3996
3925
3951
3897
3859
4002
3991
4043
3900
4039
4157
3926
3901
3941
3904
3877
3849
3911
3962
3948
3894
3889
3924
3932
3910
3905
3895
3914
3902
3936
3921
3959
3899
3889
3918
3950
3893
3911
3912
3964
3937
3937
3958
3953
3930
3939
3963
3919
3905
3888
3928
3967
3897
3947
3891
3970
3913
3913
3897
3878
3880
3914
3890
3900
4142
3914
3902
3926
3951
3907
3912
3886
3920
3940
3898
3962
3938
3949
3963
3915
3923
3944
3950
3896
3922
3894
3919
3921
3928
3943
3937
3942
3921
3936
4099
3895
3897
3861
3930
3887
3896
3956
3908
3968
3893
3950
3923
3904
3874
3916
3956
3936
3936
3880
3955
3918
3981
3958
3867
3872
3959
3938
3917
3942
3939
3880
3929
3921
3914
3965
3957
3915
3936
3960
3964
3893
3971
3930
3920
3888
3912
3884
3929
3949
3916
3933
3980
3923
3899
3928
3931
3936
3951
3944
3927
3898
3957
3951
3950
3953
3921
3901
3929
3863
3868
3927
3960
3900
3932
3916
3909
3865
3935
3913
3929
3918
3955
3898
3902
3900
3896
3956
3906
3891
3935
3901
3949
4176
4129
4175
3986
3910
3934
3887
3918
3935
3875
3940
3953
3892
3902
4031
4210
4022
3954
3892
3920
3879
3906
3918
3854
3917
3897
3879
3903
3934
3874
3921
3947
3925
3901
3880
3919
3943
3918
3895
3948
3919
3928
3897
4031
3923
3933
3918
3912
3874
3885
3886
3879
3929
3890
3947
3888
3886
3915
3920
3892
3883
3944
3910
3907
3923
3909
3941
3911
4051
4007
3882
3901
3916
3904
4160
3938
3915
3974
3920
3946
3927
3905
3953
3891
3911
3900
3919
3898
4124
4028
3862
3944
3857
3881
3958
3921
3957
3922
3927
3939
3891
3949
3890
3906
3882
3921
3933
3927
3924
3948
3951
3904
3911
3920
4051
3900
3870
3874
3908
3949
3928
4000
3978
3956
3948
3919
3970
3879
3951
3956
4005
3943
3898
4128
3893
3973
4161
3969
3891
3937
3930
3985
3946
3945
3896
3954
3941
3946
3953
3928
3957
3925
3910
3879
3935
3918
3933
3951
3921
3918
3926
3914
3908
3963
3945
3931
3890
3888
3934
3931
3892
3869
3920
3873
3952
3898
3906
3922
3880
3901
3869
3947
3863
4005
3971
3919
3913
3944
3950
3931
3987
3948
3972
3910
3895
3909
3910
3950
3906
3922
3912
3937
3906
4151
4432
4410
4418
3997
3975
3865
3927
3880
3934
3938
3896
3906
3908
3945
3884
3910
3983
3909
3875
3934
3893
3905
3920
3906
3917
3903
3916
3874
3950
3877
3912
3942
3887
3940
3919
3881
3909
3935
3908
3942
3919
3889
3964
3962
3962
3897
3905
3945
3938
3888
3897
3900
3887
3898
3971
3926
3918
3904
3915
3918
3948
3928
3948
3876
3900
3913
3889
3934
3943
3920
3908
3939
3906
3886
3961
3930
3912
3924
3904
3862
3942
3884
3924
3971
3944
3920
3929
3953
3884
3913
3888
3910
3907
3905
3898
3916
3925
3893
3907
3860
3869
3923
3902
3876
3936
3886
3888
3911
3973
3897
3880
3920
3932
3888
3881
3911
3987
3884
3911
3943
3873
4181
4174
4150
4130
4142
4148
4093
3953
3873
3837
3937
3941
3896
3957
3912
3884
3907
3915
3962
3960
3938
3913
3883
3891
4068
3881
3876
3907
4051
3922
3919
3907
4173
4167
4091
3921
3896
3852
3860
3883
3885
3859
3965
3892
3937
3903
3862
3885
3934
3960
3958
3887
3882
3930
4280
4082
3864
3935
3901
4071
4042
3979
3928
3929
3922
3903
3941
3884
3893
3907
3957
3872
3957
3904
3969
3890
3934
3972
3897
3900
3926
3869
3920
3909
3942
3889
3957
3908
3926
3916
3884
3883
3871
3915
4061
3929
3928
3931
3944
3957
3896
3905
3939
3902
3915
3930
3909
3907
3945
3889
3909
3865
3956
3905
3910
4037
3902
3893
3923
3890
3889
3914
4391
4097
3923
3907
3950
3927
3929
3926
3944
3904
3893
3904
3919
3925
3905
3901
3872
3917
3885
3913
3919
3900
3864
3906
3881
4090
3921
3907
3915
3901
3951
3964
3853
3858
3887
3982
3908
3857
3981
4066
3926
3943
3931
3897
3879
3880
3895
3945
3907
3898
3942
3859
3901
3926
3902
3884
3976
3931
3935
3892
3905
3903
3936
3869
3907
3894
3913
3897
3955
3911
3935
3880
3909
3922
3893
3927
3935
3879
3900
3891
3915
3897
3932
3918
3918
3924
3927
3873
3925
3886
3884
3952
3962
3902
3908
3911
3909
3957
3918
3908
3942
3932
3913
3898
3917
3922
3887
3902
3903
3879
3904
3899
3933
3934
3934
3864
3979
3971
3873
3901
3943
3874
3989
4039
3918
3880
3873
3916
3942
3871
3949
3876
3916
3904
3897
3914
3894
3952
3951
3917
3885
3909
3924
3879
3897
3917
3869
3898
3900
3928
3918
3894
3930
3870
3857
3909
3925
3863
4118
4210
3872
3981
3902
3909
4036
3923
3883
3945
3897
3956
3911
3928
3921
3932
3905
3878
3946
3889
3914
3910
3875
3921
3970
3961
3928
3968
3964
3873
3992
3916
3920
4019
3932
3938
3915
3918
3945
3918
3897
3900
3922
3855
3881
3929
4166
4141
3906
3912
3938
3923
3887
3933
3909
3932
3904
3910
3938
3913
3946
3885
3922
3927
3897
3895
3921
3885
3923
3933
3908
3963
3942
3979
3900
3903
3906
3968
