10617
10607
10818
10852
11514
11157
10832
10773
10750
10659
10632
10757
10758
11335
10861
10805
10697
10705
10693
10696
10625
10650
10650
10606
10865
10696
10776
10754
10653
10780
11387
10814
10651
10806
10759
10712
10752
10959
10880
10810
11760
12083
11919
11948
11931
12011
11988
11951
12069
11546
10751
10717
10612
10840
10832
10912
10919
10853
10891
10855
10751
10801
10901
10923
10923
10938
10822
10662
10618
10647
10798
10635
10688
10718
10730
11502
11349
10758
11163
10778
11413
11346
11482
11459
11478
11366
11481
11433
11417
11496
11658
10897
10789
10800
10797
10785
10750
10862
10895
11379
10859
10723
10638
10600
10647
10664
10735
11669
11296
10853
10702
10622
10676
10609
10713
10674
10780
10676
10725
10727
10657
10655
10737
10697
10798
10755
10780
10867
10771
10819
10766
10781
10798
10697
10738
10683
10731
10674
10724
10758
10650
10741
10690
10701
10739
10668
10607
10713
10629
10688
10715
10743
10779
10686
10766
10744
10659
10653
10623
10609
10653
10679
10630
10650
10655
10723
10696
10684
10710
10675
10675
10713
10744
10724
10697
10667
10717
10658
10793
10789
10673
10684
10780
10686
10745
10837
10715
10816
10749
10767
10790
10893
10706
10672
10712
10714
10675
10724
10644
10646
10743
10659
10658
10696
10638
10681
10727
10679
10705
10674
10844
10822
10635
10685
10720
10759
10732
10635
10696
10695
10718
10676
10714
10696
10682
10672
10698
10646
10644
10639
10733
10632
10676
10681
10668
10749
10714
10632
10752
10665
10660
10710
10646
10684
10736
10704
10647
10677
10726
10637
10706
10690
10700
10662
10645
10704
10696
10686
10673
10774
10700
10756
10678
10726
10678
10757
10770
10769
10873
10750
10722
10713
10857
10836
10798
10846
10776
10838
10767
10806
10896
10877
10845
10735
10938
10681
10651
10595
10612
10598
10747
10787
10780
10782
10716
10791
10776
10742
10734
10775
10666
10691
10730
10835
10748
10693
10780
10761
10756
10809
10758
10741
10808
10714
10740
10738
10749
10698
10737
10694
10781
10723
10824
10620
10659
10673
10654
10743
10697
10727
10766
10804
10741
10660
10667
10665
10603
10634
10680
10729
10707
10640
10708
10691
10614
10612
10596
10619
10628
10625
10672
10619
10600
10689
10669
10572
10618
10690
11182
11548
11554
11310
10603
10665
10640
10741
10752
10678
10591
10620
10618
10636
10692
10617
10653
10675
10605
10770
10685
10838
10891
11696
10562
11158
11653
12598
10934
10456
10421
10640
10677
10656
10648
10610
10659
10624
10665
10595
10685
10625
10672
10656
10641
10673
10616
10594
10671
10880
10808
10875
10779
10668
10785
10792
10707
10802
10736
10675
10758
10727
10686
10784
10782
10936
11682
10827
10711
10834
10763
10826
10789
10733
10779
11620
10738
10723
10828
10785
10819
10831
10805
10854
10795
10848
10864
10760
10711
10942
10892
10914
10849
10868
10814
10831
10785
10763
10932
10827
10844
10926
10858
10841
10915
10889
10895
10787
10673
10726
10653
10729
11679
10732
10727
10871
10771
10832
10759
10729
10757
10600
10691
10837
10867
10896
10879
10922
10961
10916
11823
10673
10768
10744
10748
10687
10715
10721
10698
10682
10735
10730
10657
10676
10633
10751
10603
10624
10727
10630
10681
10650
10640
10639
10642
10626
10629
10646
11554
10684
10719
10730
10733
10774
10775
10784
10669
10717
10766
10803
10843
10784
10778
10813
10756
10783
10743
10729
10965
10834
10802
10861
10705
10730
10713
10659
11826
10520
10660
10580
10684
10657
10699
10667
10792
10744
10675
10704
10709
10716
10711
10761
14364
11287
11814
10790
10682
10683
10627
10713
10626
10787
10871
10634
10791
10541
10554
10576
10635
10720
10658
10732
10694
10693
10594
10655
10696
10714
10737
10679
10721
10739
10665
10714
10739
10745
10808
10651
10735
10733
10649
10763
10790
10664
10707
10792
10698
10779
10695
10753
10673
10737
10648
10835
11034
10774
11288
11120
10701
10648
10686
10715
10740
10713
10733
10639
10696
10721
10742
10703
10799
10878
10734
10789
10781
10790
10812
10829
10824
10801
10811
10788
10822
10829
10780
10806
10791
10858
10847
10827
10898
10824
10822
10836
10904
10793
10791
10737
10661
10693
10709
10917
10585
10712
10595
10718
10657
10793
10694
10726
10679
10708
10803
10646
10620
10598
10687
10664
10664
10717
10656
10699
10680
10736
10634
10664
10682
10663
10596
10587
10659
10705
11412
10819
10839
10753
10769
10755
10711
10680
10730
10705
10803
10718
10768
10759
10729
10763
10620
10620
10749
10657
10731
10664
10672
10706
10647
10719
10757
10627
10619
10730
10634
10588
10659
10661
10715
10799
10767
10771
10846
10818
10758
10696
10727
10784
10753
10682
10940
10846
10911
11024
10988
10980
11038
11389
12085
11510
10682
10746
10652
10682
10667
10545
10644
10635
10670
10662
10680
10633
10690
10588
10709
10735
10659
10745
10794
10830
11576
10925
10826
10854
10938
10785
10801
10847
10847
10799
10814
10952
10836
10774
10810
10787
10835
10843
10889
10840
10874
10899
10914
10886
10854
10852
11101
10940
10997
11465
10877
10753
10726
10726
10667
10728
10813
10776
10866
10771
10748
10740
10768
10757
10739
10733
10778
10743
10785
10832
10821
10809
11377
10718
10806
10688
10663
10682
10733
10717
10778
10806
10844
10805
10825
10851
10796
10840
10864
10904
10851
10683
10713
10832
10823
10850
10877
10740
10827
10803
10673
10677
10729
10641
10705
10595
10700
10710
10647
11249
11526
11517
11428
11574
11486
11479
11478
11448
10905
10673
10884
10810
10858
10783
10811
10803
10799
10820
10724
10820
10864
10868
10734
10845
10794
10773
10788
10771
10767
10815
10772
10796
10728
10802
10824
10794
10738
10801
11515
11297
10827
10686
10778
10697
10753
10772
10692
10810
10712
10756
10723
10737
10747
10821
11054
10699
10681
10622
10748
10827
10768
10631
10660
10765
10837
10790
10708
10741
10768
10717
10730
10779
10776
10680
10661
10654
10656
10703
10696
10622
10673
10714
10717
10731
10626
10696
10750
10750
10627
10771
10795
10648
10646
10740
10684
10769
10712
10718
10751
10844
11020
11137
10920
10942
10831
10797
10792
10684
10723
10807
10815
10820
10863
10874
10884
10818
10805
10878
10892
10858
10845
10890
10784
10735
10786
10841
10726
10776
10867
10603
10743
10775
10718
10738
10801
10691
10774
10720
10746
10814
10711
10828
10811
10744
