4652
4628
4602
4639
4653
4658
4681
4697
4691
4742
4707
4684
4663
4679
4702
4674
4679
4702
4701
4608
4681
4694
4723
4682
4771
4718
4699
4716
4649
4714
4765
4694
4746
4795
4813
4740
4737
4831
4795
4804
4770
4758
4750
4809
4688
4730
4707
4766
4685
4725
4723
4754
4702
4715
4717
4747
4663
4680
4697
4694
4693
4698
4785
4667
4756
4734
4767
4682
4747
4744
4741
4718
4727
4916
4730
4741
4741
4731
4727
4770
5062
5017
5117
4727
4696
4757
4693
4746
4801
4772
4786
4779
4740
4754
4687
4731
4706
4739
4771
4748
4703
4755
4754
4709
4737
4777
4707
4723
4755
4736
4763
4704
4672
4757
4735
4763
4772
4732
4692
4754
4720
4742
4765
4843
4774
4846
4738
4757
4769
4821
4719
4716
4783
4748
4760
4769
4749
4761
4754
4811
4737
4710
4741
4738
4795
4786
4762
4772
4696
4769
4779
4726
4732
4766
4746
4790
4742
4782
4744
4729
4718
4722
4732
4776
4743
4716
4754
4714
4737
4704
4723
4700
4755
4688
4742
4708
4755
4725
4705
4747
4770
4711
4753
4738
4767
4757
4742
4728
4946
4772
4806
4800
4721
4790
4778
4800
4798
4802
4772
4840
4795
4637
4712
4755
4788
4720
4688
4724
4711
4671
4682
4727
4658
4708
4795
4733
4774
4739
4713
4771
4774
4731
4739
4714
4732
4747
4717
4711
4757
4745
4727
4749
4711
4744
4679
4693
4702
4698
4722
4656
4737
4739
4741
4726
4705
4725
4758
4721
4728
4714
4758
4777
4725
4755
4717
4750
4772
4770
4777
4751
4705
4763
4714
4713
4743
4726
4772
4745
4762
4788
4784
4793
4823
4783
4750
4786
4796
4771
4789
4762
4788
5207
4890
5176
4896
4796
4841
4798
5437
5410
5050
4772
4767
4763
5060
4862
4894
4756
4802
4870
4732
5266
4960
4930
4795
4802
4764
4829
5007
4785
4841
5363
4805
4777
4844
4954
4780
5046
4773
4736
4749
4921
4724
4827
5268
4781
4750
4810
4895
4773
4798
4915
4783
4766
4776
4946
4812
4781
4985
4717
4694
4738
4879
4793
4780
4922
4751
4866
4748
4795
4835
4917
4752
4816
4774
4737
4881
4814
4929
4736
4756
4971
4864
4773
4784
4901
4827
4859
4752
4748
4943
4764
5006
4751
4773
4730
4787
4947
4807
4900
5094
4728
4773
4923
5219
4854
5329
4908
4861
4846
5036
4825
4898
4789
4752
4828
4759
5136
4829
4892
4813
4783
4823
4812
4928
4795
4975
4789
4777
4825
4755
5018
4746
4962
4765
4797
4949
4718
4688
4789
4853
4694
4712
4858
4676
4711
4746
4862
4723
4774
4909
4676
4724
4772
4843
4728
4746
4923
4679
4709
4707
4895
4749
4761
4863
4702
4752
4712
5118
4782
4730
4729
4747
4715
4766
4693
4759
4702
4781
4793
4752
4744
4740
4707
4757
4765
4757
4746
4780
4780
4745
4818
4750
4700
4686
4758
4720
4727
4743
4778
4736
4812
4807
4762
4813
4726
4732
4790
4767
4743
4820
4732
4764
4709
4767
4779
4746
4724
4785
4769
4848
4793
4706
4692
4725
4723
4763
4767
4758
4813
4718
4728
4784
4762
4752
5903
5074
4776
4791
4808
4843
4849
4826
4820
4833
4830
5320
5293
5353
5315
5399
5303
5316
5400
5287
5308
5371
5330
5336
5255
5330
5304
5291
5279
5252
5275
5306
5271
5333
5288
5309
5311
5310
5312
5315
5281
5306
5299
5361
5300
4821
4832
4823
4831
4779
4859
4838
4814
4838
4929
4837
4752
4729
4740
4781
4827
4786
4807
4733
4798
4777
4755
4769
4750
4772
4769
4795
4807
4737
4792
4728
4790
4756
4875
4832
4814
4836
4944
4764
4770
5050
4717
4941
4846
4994
4841
4781
4802
4759
5039
4840
4874
4796
4755
4782
4773
5120
4749
4953
4803
4833
4747
4977
4764
4829
4979
4758
4813
4823
5021
4823
4786
5056
4768
4808
4765
5013
4768
4835
4975
4739
4831
4764
5021
4881
4998
4792
4745
4747
4681
5032
4830
4998
4816
4762
4784
4778
5032
4825
5019
4747
4764
4768
4725
4982
4792
4711
4769
4858
5070
4805
5040
4847
5007
4771
4815
4813
4825
5071
4816
5193
4837
5118
4836
5024
4954
5153
5379
5379
5338
5531
4859
4853
5229
4813
4848
4749
5047
4751
4979
4850
4812
4875
4830
5165
4884
4996
4848
4761
4851
4777
4985
4798
5000
4852
4812
4777
4812
5045
4802
5031
4836
4794
4777
4983
4787
4790
5040
4851
4783
4736
4984
4798
4891
4851
4787
4727
4753
5040
4762
4924
4842
4860
7204
7737
7396
6929
6578
5876
5276
5589
5779
5678
6692
8022
5272
5029
4963
4952
4979
4914
4851
4893
4834
4830
4866
4865
4862
4873
4810
4834
4868
4857
4964
4838
4752
4811
4805
4853
4895
4757
4786
4836
4857
4999
4873
4834
4851
4863
6582
5111
4876
5008
4810
4818
5140
5125
5115
5105
5113
5075
4998
4845
4789
4841
4819
4778
4798
4781
5084
5032
5084
5133
4958
4793
4727
4754
4729
4749
4764
5241
5194
5216
5159
5178
5223
5204
5219
5182
5195
5196
5230
5216
5222
5208
5206
5212
5239
5231
5208
5247
5259
5266
5230
5276
5242
4830
4731
4737
4692
4697
4695
4711
4689
4765
4674
4717
4722
4772
4689
4733
4712
4762
4717
4734
4732
4706
4718
4715
4719
4740
4782
4717
4741
4956
4715
4755
4703
4752
4699
4736
4750
4722
4750
4755
4704
4794
4803
4756
4680
4774
4823
4736
4795
4779
4739
4721
4745
4806
4740
4740
4758
4782
4806
4750
4686
4838
4781
4721
4739
4754
4780
4774
4725
4754
4671
4760
4712
4702
4742
4765
4781
4752
4794
4716
4793
4752
4802
4808
4785
4759
4830
4764
4789
4824
4830
4782
4775
4755
4787
4770
4769
4801
4793
4758
4732
4767
4715
4781
4795
4702
4774
4767
4728
4750
4722
4756
4767
4742
4752
4745
4749
4746
4750
4707
4739
4750
4743
4710
4731
4770
4746
4708
4704
4694
4702
4798
4756
4708
4801
4751
4757
4747
4744
4705
4747
5104
5336
5320
5347
5379
5303
5382
5317
5353
5350
5311
5312
5022
4778
