4333
4258
4282
4270
4290
4281
4254
4302
4286
4278
4294
4332
4314
4318
4323
4295
4281
4317
4309
4296
4332
4289
4317
4302
4262
4311
4277
4322
4385
4320
4326
4300
4321
4309
4302
4304
4324
4301
4338
4283
4639
4303
4267
4327
4268
4289
4304
4299
4292
4322
4316
4294
4263
4309
4331
4302
4355
4272
4301
4314
4325
4326
4312
4336
4307
4309
4352
4308
4344
4314
4274
4327
4312
4321
4315
4350
4309
4291
4290
4310
4332
4282
4356
4299
4355
4302
4516
4333
4311
4318
4313
4278
4295
4320
4299
4343
4272
4274
4242
4317
4267
4280
4282
4278
4326
4276
4261
4261
4277
4286
4239
4259
4268
4267
4299
4267
4270
4295
4299
4261
4254
4302
4288
4350
4255
4285
4256
4262
4286
4289
4289
4262
4265
4269
4306
4238
4272
4283
4261
4247
4274
4261
4281
4308
4264
4262
4259
4276
4251
4258
4289
4267
4256
4297
4244
4281
4363
4283
4281
4287
4258
4348
4272
4317
4279
4296
4255
4273
4275
4298
4314
4299
4363
4280
4341
4319
4247
4296
4256
4271
4263
4315
4285
4285
4324
4296
4296
4247
4313
4269
4289
4284
4284
4276
4298
4258
4276
4371
4286
4337
4277
4240
4265
4265
4310
4266
4276
4253
4274
4290
4305
4278
4266
4292
4287
4315
4313
4266
4303
4337
4249
4268
4286
4283
4267
4285
4281
4342
4241
4292
4286
4262
4261
4256
4268
4281
4272
4304
4287
4269
4250
4286
4275
4284
4830
4352
4225
4311
4287
4270
4275
4236
4265
4294
4269
4262
4255
4259
4302
4267
4270
4330
4305
4258
4270
4264
4273
4496
4548
4467
4304
4178
4190
4275
4262
4280
4255
4283
4281
4327
4304
4271
4265
4333
4244
4319
4291
4321
4313
4327
4284
4299
4293
4286
4248
4270
4311
4281
4277
4304
4267
4248
4288
4303
4291
4275
4282
4305
4252
4280
4257
4273
4811
4237
4244
4265
4282
4280
4241
4251
4322
4264
4244
4281
4281
4585
4308
4260
4280
4248
4281
4345
4270
4279
4362
4291
4294
4290
4256
4279
4304
4248
4273
4259
4385
4289
4270
4270
4263
4282
4319
4301
4330
4305
4291
4295
4285
4273
4281
4316
4258
4253
4268
4660
4255
4277
4275
4245
4276
4247
4265
4274
4302
4272
4247
4263
4253
4295
4292
4258
4824
4258
4263
4258
4270
4255
4269
4308
4248
4343
4263
4295
4280
4330
4266
4334
4281
4290
4570
4562
4338
4223
4207
4308
4281
4308
4294
4308
4311
4306
4323
4314
4309
4348
4298
4296
4565
4570
4602
4576
4572
4574
4536
4486
4292
4308
4297
4302
4406
4290
4319
4330
4319
4260
4304
4263
4265
4321
4266
4298
4287
4303
4309
4284
4316
4291
4299
4298
4320
4272
4323
4307
4325
4305
4283
4272
4268
4296
4341
4293
4286
4298
4321
4282
5031
4388
4289
4359
4333
4294
4340
4305
4324
4302
4329
4307
4350
4312
4289
4316
4290
4301
4277
4324
4297
4287
4282
4277
4270
4270
4272
4285
4327
4311
4276
4324
4312
4319
4283
4292
4290
4285
4292
4333
4364
4321
4303
4389
4349
4313
4304
4341
4400
4813
4820
4807
4742
4759
4790
4748
4815
4774
4766
4785
4751
4815
4753
4773
4807
4749
4807
5167
4498
4299
4444
4247
4290
4289
4265
4286
4717
4278
4291
4284
4282
4289
4282
4299
4278
4254
4297
4315
4312
4289
4296
4331
4311
4308
4308
4295
4281
4326
4335
4319
4312
4298
4332
4261
4275
4303
4263
4268
4286
4263
4279
4281
4286
4295
4294
4280
4298
4286
4256
4270
4269
4307
4275
4277
4297
4268
4257
4264
4246
4248
4237
4284
4282
4274
4282
4271
4272
4296
4305
4270
4259
4288
4286
4300
4296
4303
4276
4291
4273
4261
4253
4250
4253
4245
4259
4250
4250
4268
4238
4239
4285
4256
4246
4241
4246
4302
4246
4263
4240
4281
4299
4287
4296
4276
4253
4276
4290
4262
4269
4258
4255
4295
4291
4297
4281
4255
4265
4260
4265
4279
4293
4287
4290
4280
4294
4310
4286
4328
4349
4304
4321
4330
4300
4301
4290
4284
4293
4268
4299
4326
4298
4301
4300
4297
4283
4334
4310
4310
4289
4312
4308
4292
4311
4302
4295
4303
4293
4292
4284
4277
4287
4299
4291
4293
4297
4292
4276
4296
4282
4309
4277
4287
4298
4298
4292
4295
4293
4267
4279
4249
4286
4275
4287
4315
4301
4297
4298
4312
4296
4277
4295
4298
4304
4313
4332
4296
4307
4331
4331
4309
4325
4308
4340
4337
4350
4353
4312
4367
4323
4328
4342
4339
4320
4337
4306
4332
4325
4292
4308
4249
4299
4271
4249
4280
4235
4280
4272
4288
4281
4292
4298
4274
4293
4275
4282
4305
4257
4272
4289
4284
4273
4273
4260
4270
4290
4287
4300
4244
4279
4290
4281
4289
4263
4269
4272
4267
4279
4298
4280
4305
4247
4285
4291
4272
4246
4260
4272
4270
4279
4261
4313
4259
4302
4313
4288
4306
4292
4289
4293
4307
4290
4260
4266
4260
4272
4288
4273
4254
4263
4276
4260
4239
4251
4259
4285
4266
4265
4263
4259
4263
4276
4260
4298
4291
4301
4281
4296
4313
4317
4306
4294
4295
4288
4286
4283
4308
4269
4289
4282
4287
4298
4301
4312
4296
4281
4297
4281
4297
4282
4267
4266
4289
4265
4263
4242
4279
4283
4252
4250
4273
4261
4275
4258
4264
4275
4285
4279
4267
4260
4278
4279
4271
4272
4260
4279
4294
4577
4508
4396
4246
4321
4302
4275
4268
4272
4265
4277
4250
4259
4297
4273
4273
4271
4281
4276
4261
4259
4326
4249
4289
4295
4274
4275
4281
4252
4303
4299
4273
4276
4287
4291
4300
4290
4270
4278
4270
4256
4283
4285
4293
4288
4313
4296
4303
4296
4279
4299
4297
4297
4294
4307
4274
4290
4284
4569
4607
4578
4596
4531
4563
4561
4563
4577
4528
4553
4572
4570
4546
4598
4624
4604
4552
4579
4559
4284
4264
4278
4296
4283
4268
4276
4454
4317
4257
4305
4286
4254
4278
4283
4280
4260
4287
4297
4276
4295
4271
4299
4277
4296
4294
4279
4259
4284
4272
4287
4275
